w1,w2,w3,w4,score,n_selected,threshold
0.1,0.9,0.1,0.9,0.45639744,49925,0.054608338831717576
0.1,0.8,0.1,0.9,0.45796815,49925,0.055439510468356455
0.5,0.9,0.1,0.9,0.45803642,49925,0.05262963206535266
0.6,0.9,0.1,0.9,0.45811257,49925,0.05215257123532084
0.2,0.9,0.1,0.9,0.458409,49925,0.054102054230058295
0.7,0.9,0.1,0.9,0.45851701,49925,0.05165795427446335
0.3,0.9,0.1,0.9,0.4593013,49925,0.0536105778785087
0.8,0.9,0.1,0.9,0.45939928,49925,0.05117624370923595
0.4,0.9,0.1,0.9,0.46002868,49925,0.053115604013116845
0.2,0.8,0.1,0.9,0.46004045,49925,0.05489730958760973
0.5,0.8,0.1,0.9,0.46017355,49925,0.05324616791037128
0.3,0.8,0.1,0.9,0.46027938,49925,0.05433770063357078
0.9,0.9,0.1,0.9,0.46089768,49925,0.05071331133790398
0.6,0.8,0.1,0.9,0.4610094,49925,0.05272684298693396
0.4,0.8,0.1,0.9,0.46108466,49925,0.05379055562805243
0.1,0.7,0.1,0.9,0.46110556,49925,0.056302681468595024
0.2,0.7,0.1,0.9,0.46209985,49925,0.055701133587244545
0.7,0.8,0.1,0.9,0.46230933,49925,0.0522051275093023
0.1,0.6,0.1,0.9,0.46266216,49925,0.057200896276028854
0.1,0.9,0.1,0.8,0.46335843,49925,0.05514247762133672
0.3,0.7,0.1,0.9,0.46337554,49925,0.05508396836628342
0.4,0.9,0.1,0.8,0.4634506,49925,0.053474191217176364
0.5,0.9,0.1,0.8,0.46352017,49925,0.05292190479330571
0.6,0.9,0.1,0.8,0.4641586,49925,0.052382500632274995
0.7,0.9,0.1,0.8,0.4641804,49925,0.05186060556964586
0.8,0.8,0.1,0.9,0.46425912,49925,0.05169277563520219
0.8,0.9,0.1,0.8,0.46431887,49925,0.05132858541362124
0.1,0.5,0.1,0.9,0.46449956,49925,0.058128746211948086
0.3,0.9,0.1,0.8,0.46459085,49925,0.0540295139683834
0.6,0.7,0.1,0.9,0.46467555,49925,0.053318928499771864
0.2,0.9,0.1,0.8,0.4647118,49925,0.05458479453911087
0.1,0.8,0.1,0.8,0.4647837,49925,0.05605775934738967
0.4,0.7,0.1,0.9,0.4649366,49925,0.05449604055971161
0.5,0.7,0.1,0.9,0.464937,49925,0.05390510953181799
0.1,0.4,0.1,0.9,0.46551412,49925,0.05904996097932247
0.9,0.8,0.1,0.9,0.46574366,49925,0.051195083765810584
0.4,0.8,0.1,0.8,0.46574986,49925,0.05421824640230525
0.2,0.6,0.1,0.9,0.4659981,49925,0.05655567055737452
0.5,0.8,0.1,0.8,0.4660009,49925,0.05360520071307462
0.7,0.7,0.1,0.9,0.46624064,49925,0.05275139611019586
0.9,0.9,0.1,0.8,0.46628433,49925,0.05083277347579942
0.2,0.8,0.1,0.8,0.46631628,49925,0.05543173189968627
0.3,0.8,0.1,0.8,0.46641666,49925,0.05482596520304729
0.1,0.7,0.1,0.8,0.4668617,49925,0.0570224343079561
0.3,0.6,0.1,0.9,0.46730715,49925,0.05588842822561039
0.6,0.8,0.1,0.8,0.46797165,49925,0.0530228339388259
0.2,0.5,0.1,0.9,0.46843618,49925,0.05743316541283459
0.1,0.6,0.1,0.8,0.4684704,49925,0.058035038064497085
0.7,0.8,0.1,0.8,0.46865818,49925,0.05244424238265863
0.2,0.7,0.1,0.8,0.46868718,49925,0.056338290089443105
0.1,0.5,0.1,0.8,0.46876174,49925,0.059089420700474724
0.4,0.6,0.1,0.9,0.468781,49925,0.05522656183718531
0.8,0.7,0.1,0.9,0.4690864,49925,0.05220575983011663
0.5,0.6,0.1,0.9,0.46949103,49925,0.05456661448285422
0.4,0.9,0.1,0.7,0.46982646,49925,0.05379899415411478
0.3,0.7,0.1,0.8,0.47007895,49925,0.05566073074670281
0.1,0.8,0.1,0.7,0.47033393,49925,0.0566901622149139
0.5,0.9,0.1,0.7,0.47041878,49925,0.0531819914582757
0.1,0.9,0.1,0.7,0.4704249,49925,0.055679964755498246
0.4,0.7,0.1,0.8,0.47046232,49925,0.05498452375017889
0.8,0.8,0.1,0.8,0.47056586,49925,0.05187734779408127
0.1,0.3,0.1,0.9,0.4706176,49925,0.05992781481718134
0.6,0.9,0.1,0.7,0.47066492,49925,0.05258158159256916
0.7,0.9,0.1,0.7,0.47086412,49925,0.05199551813913006
0.5,0.7,0.1,0.8,0.47104147,49925,0.05431701231807217
0.9,0.7,0.1,0.9,0.47110707,49925,0.05167625274539136
0.6,0.6,0.1,0.9,0.47126734,49925,0.05392945722972078
0.2,0.9,0.1,0.7,0.4715142,49925,0.055058807009830894
0.3,0.9,0.1,0.7,0.47167146,49925,0.05442589310012096
0.3,0.5,0.1,0.9,0.47198078,49925,0.056718587311136284
0.9,0.8,0.1,0.8,0.4721193,49925,0.05134362668703239
0.6,0.7,0.1,0.8,0.47215122,49925,0.053672927335903835
0.1,0.4,0.1,0.8,0.47240543,49925,0.06016989046880459
0.7,0.6,0.1,0.9,0.4725401,49925,0.0533097346632084
0.1,0.7,0.1,0.7,0.47269005,49925,0.05775851065985948
0.2,0.8,0.1,0.7,0.47300708,49925,0.05600087205089258
0.2,0.6,0.1,0.8,0.47307447,49925,0.05728219722462746
0.8,0.9,0.1,0.7,0.47323284,49925,0.05142910897006708
0.3,0.8,0.1,0.7,0.47343788,49925,0.05530633507695571
0.9,0.9,0.1,0.7,0.47347593,49925,0.050890503473285026
0.4,0.8,0.1,0.7,0.47375306,49925,0.054620090862911454
0.2,0.4,0.1,0.9,0.47375783,49925,0.058325785645455284
0.3,0.6,0.1,0.8,0.4739882,49925,0.056529731825853566
0.5,0.8,0.1,0.7,0.47403094,49925,0.053938614920800834
0.1,0.6,0.1,0.7,0.47438943,49925,0.058898743483045
0.7,0.7,0.1,0.8,0.47463077,49925,0.05304570785897445
0.2,0.7,0.1,0.7,0.47519436,49925,0.05699154924985751
0.4,0.5,0.1,0.9,0.47549397,49925,0.055970070159330115
0.6,0.8,0.1,0.7,0.47555253,49925,0.053251974614031486
0.2,0.5,0.1,0.8,0.47585383,49925,0.058284138490915176
0.4,0.6,0.1,0.8,0.4759004,49925,0.055797725430664045
0.8,0.6,0.1,0.9,0.4764704,49925,0.05271283709916057
0.7,0.8,0.1,0.7,0.47648844,49925,0.052629569292639275
0.8,0.7,0.1,0.8,0.47683522,49925,0.052440876146395074
0.3,0.7,0.1,0.7,0.4769585,49925,0.05621712374212847
0.1,0.3,0.1,0.8,0.47702932,49925,0.06119602598167878
0.5,0.6,0.1,0.8,0.4771968,49925,0.05505616288171252
0.5,0.5,0.1,0.9,0.47762346,49925,0.055245689864617996
0.9,0.7,0.1,0.8,0.47762752,49925,0.05186019672412056
0.1,0.9,0.1,0.6,0.4778016,49925,0.056144094724673806
0.1,0.5,0.1,0.7,0.47780767,49925,0.06008901498463526
0.8,0.8,0.1,0.7,0.47795105,49925,0.05201863368549418
0.9,0.6,0.1,0.9,0.4780296,49925,0.05213110197769623
0.9,0.8,0.1,0.7,0.4781634,49925,0.05143106038003615
0.1,0.8,0.1,0.6,0.47823763,49925,0.05728506920318632
0.2,0.9,0.1,0.6,0.4785032,49925,0.05547354862448888
0.3,0.5,0.1,0.8,0.4789199,49925,0.05745486289979829
0.1,0.4,0.1,0.7,0.47903037,49925,0.06130680260864538
0.4,0.7,0.1,0.7,0.47909415,49925,0.055471158346476604
0.3,0.9,0.1,0.6,0.4791485,49925,0.054766563673700336
0.3,0.4,0.1,0.9,0.47938052,49925,0.05751805505602509
0.2,0.6,0.1,0.7,0.47939566,49925,0.058035010456295666
0.1,0.7,0.1,0.6,0.47965124,49925,0.058482421493374424
0.6,0.6,0.1,0.8,0.47996354,49925,0.0543371363092315
0.4,0.9,0.1,0.6,0.48003995,49925,0.05406824202866741
0.2,0.4,0.1,0.8,0.48007664,49925,0.059281640143549905
0.2,0.8,0.1,0.6,0.4800963,49925,0.05651794923938998
0.5,0.9,0.1,0.6,0.4806986,49925,0.053376728524665
0.6,0.5,0.1,0.9,0.48070967,49925,0.05453271674270188
0.1,0.2,0.1,0.9,0.48087013,49925,0.060661574032776985
0.1,0.6,0.1,0.6,0.48124817,49925,0.05974491485534214
0.5,0.7,0.1,0.7,0.48128647,49925,0.05472087578961075
0.3,0.8,0.1,0.6,0.4816052,49925,0.055722838501420416
0.7,0.6,0.1,0.8,0.48194107,49925,0.05365006547813464
0.6,0.7,0.1,0.7,0.48208869,49925,0.05398536512008009
0.3,0.6,0.1,0.7,0.48214078,49925,0.05716914028498999
0.4,0.5,0.1,0.8,0.48236138,49925,0.05661106908246629
0.1,0.3,0.1,0.7,0.48242965,49925,0.06248409678118536
0.6,0.9,0.1,0.6,0.48250994,49925,0.05270843507116444
0.2,0.7,0.1,0.6,0.48255634,49925,0.05761559791819262
0.7,0.9,0.1,0.6,0.48256546,49925,0.052083728381946345
0.1,0.5,0.1,0.6,0.48290256,49925,0.061071363749471905
0.2,0.3,0.1,0.9,0.4832823,49925,0.05913501901271668
0.7,0.5,0.1,0.9,0.4833856,49925,0.05386048491250939
0.9,0.9,0.1,0.6,0.4834565,49925,0.05089026227691058
0.8,0.9,0.1,0.6,0.48386496,49925,0.05147308443198314
0.2,0.5,0.1,0.7,0.48401698,49925,0.05913583649836405
0.7,0.7,0.1,0.7,0.48402476,49925,0.053289314479987825
0.8,0.6,0.1,0.8,0.4840622,49925,0.05300379633159417
0.8,0.7,0.1,0.7,0.484132,49925,0.05262395981387377
0.4,0.8,0.1,0.6,0.48481154,49925,0.054953622989831766
0.5,0.8,0.1,0.6,0.48520744,49925,0.054198315031278324
0.4,0.6,0.1,0.7,0.48541665,49925,0.056338712146535304
0.1,0.8,0.1,0.5,0.48552257,49925,0.05781373308166103
0.1,0.4,0.1,0.6,0.48585814,49925,0.06247329730816222
0.5,0.5,0.1,0.8,0.4858969,49925,0.055813731841805964
0.9,0.7,0.1,0.7,0.48601738,49925,0.051982291243795595
0.1,0.9,0.1,0.5,0.48610988,49925,0.0565734764671993
0.1,0.2,0.1,0.8,0.48612186,49925,0.062054684819565054
0.6,0.8,0.1,0.6,0.4861769,49925,0.05346037477769295
0.4,0.4,0.1,0.9,0.48620218,49925,0.05671045197888015
0.8,0.5,0.1,0.9,0.4865054,49925,0.05320865042137177
0.9,0.6,0.1,0.8,0.48660564,49925,0.05236481295754434
0.3,0.7,0.1,0.6,0.48661387,49925,0.0567256556239212
0.2,0.6,0.1,0.6,0.48666275,49925,0.05877875216077264
0.2,0.9,0.1,0.5,0.48674533,49925,0.05579287571527077
0.3,0.5,0.1,0.7,0.4871461,49925,0.05818305343210315
0.1,0.7,0.1,0.5,0.48728356,49925,0.059136517545874415
0.5,0.6,0.1,0.7,0.48799357,49925,0.0555244527544367
0.3,0.4,0.1,0.8,0.4880665,49925,0.05835053379067214
0.9,0.8,0.1,0.6,0.4882783,49925,0.051465174293948784
0.9,0.5,0.1,0.9,0.4884944,49925,0.05258699794217416
0.2,0.4,0.1,0.7,0.4886267,49925,0.06022930500686783
0.8,0.8,0.1,0.6,0.4886822,49925,0.0521090743490424
0.7,0.8,0.1,0.6,0.48892456,49925,0.052766801433564485
0.1,0.6,0.1,0.5,0.48913383,49925,0.06052407378930139
0.2,0.3,0.1,0.8,0.48916176,49925,0.06023322467524674
0.3,0.9,0.1,0.5,0.48931465,49925,0.055018712065562546
0.2,0.8,0.1,0.5,0.4893826,49925,0.05693962497388235
0.4,0.7,0.1,0.6,0.48938918,49925,0.0558768381118072
0.6,0.5,0.1,0.8,0.48975447,49925,0.05501332954721319
0.6,0.6,0.1,0.7,0.49021944,49925,0.05472972892494935
0.3,0.6,0.1,0.6,0.49041742,49925,0.05777270428725112
0.4,0.9,0.1,0.5,0.49077046,49925,0.05423705990235954
0.1,0.5,0.1,0.5,0.49151966,49925,0.061982343889029214
0.5,0.4,0.1,0.9,0.49152815,49925,0.055917980569097143
0.1,0.3,0.1,0.6,0.49168837,49925,0.06380022825058786
0.7,0.6,0.1,0.7,0.491713,49925,0.053970503236199924
0.5,0.7,0.1,0.6,0.4917672,49925,0.0550527159310302
0.2,0.7,0.1,0.5,0.49218488,49925,0.05812656982945763
0.7,0.5,0.1,0.8,0.49228948,49925,0.05427038447665697
0.3,0.8,0.1,0.5,0.49251425,49925,0.05605893635849934
0.5,0.9,0.1,0.5,0.49255538,49925,0.053494901262094524
0.2,0.5,0.1,0.6,0.49258828,49925,0.05997841433580287
0.3,0.3,0.1,0.9,0.4927326,49925,0.05828662595860968
0.8,0.6,0.1,0.7,0.49275213,49925,0.05323331288760143
0.4,0.5,0.1,0.7,0.4929679,49925,0.057256610025037014
0.1,0.9,0.1,0.4,0.4936111,49925,0.05686691748965888
0.4,0.4,0.1,0.8,0.4936267,49925,0.057425953966825774
0.1,0.9,0.2,0.9,0.49383503,49925,0.06399283859442442
0.6,0.7,0.1,0.6,0.49388713,49925,0.054244930097452654
0.9,0.6,0.1,0.7,0.49390748,49925,0.0525385740155713
0.1,0.2,0.1,0.7,0.49407142,49925,0.06352035134608741
0.6,0.9,0.1,0.5,0.4942184,49925,0.05278057836227417
0.8,0.9,0.1,0.5,0.49506786,49925,0.05140921765180928
0.4,0.6,0.1,0.6,0.49510527,49925,0.056831480186177556
0.7,0.7,0.1,0.6,0.49511948,49925,0.05346147042841669
0.8,0.5,0.1,0.8,0.49523348,49925,0.05355448224385273
0.6,0.4,0.1,0.9,0.4952698,49925,0.05515923655394686
0.7,0.9,0.1,0.5,0.4953429,49925,0.05206901574427018
0.1,0.8,0.1,0.4,0.4954018,49925,0.058191561283117865
0.4,0.8,0.1,0.5,0.49586907,49925,0.055201219179206555
0.9,0.9,0.1,0.5,0.49607894,49925,0.05078456450686714
0.5,0.5,0.1,0.7,0.49618238,49925,0.05635133380361556
0.2,0.6,0.1,0.5,0.49648416,49925,0.05938209579740553
0.8,0.7,0.1,0.6,0.49666268,49925,0.0527332461664473
0.1,0.7,0.1,0.4,0.49667996,49925,0.05961930138083129
0.3,0.4,0.1,0.7,0.49676406,49925,0.05917124675606858
0.3,0.7,0.1,0.5,0.4968616,49925,0.057138164746217385
0.1,0.4,0.1,0.5,0.49700227,49925,0.06353223517310608
0.2,0.3,0.1,0.7,0.4971593,49925,0.061334257330403374
0.1,0.8,0.2,0.9,0.49721742,49925,0.06490669774079266
0.9,0.7,0.1,0.6,0.49752408,49925,0.052046194686894615
0.3,0.5,0.1,0.6,0.4976443,49925,0.05887272859616608
0.9,0.5,0.1,0.8,0.4979231,49925,0.052871048218326555
0.5,0.8,0.1,0.5,0.49806252,49925,0.05434821983348728
0.2,0.4,0.1,0.6,0.49821144,49925,0.06119764233921999
0.2,0.9,0.1,0.4,0.4985073,49925,0.05599268067953786
0.5,0.6,0.1,0.6,0.4986308,49925,0.05591958306334868
0.7,0.4,0.1,0.9,0.4986546,49925,0.05442099099008507
0.5,0.4,0.1,0.8,0.49891406,49925,0.0565607169628963
0.6,0.8,0.1,0.5,0.49975002,49925,0.053566908647400165
0.1,0.6,0.1,0.4,0.49975747,49925,0.061139096742085196
0.2,0.2,0.1,0.9,0.5000352,49925,0.05983115169367339
0.2,0.8,0.1,0.4,0.50024927,49925,0.057183404564276605
0.3,0.3,0.1,0.8,0.5002912,49925,0.05922386653320303
0.7,0.8,0.1,0.5,0.50067854,49925,0.05280301092908559
0.8,0.8,0.1,0.5,0.50078726,49925,0.052073571215894975
0.2,0.9,0.2,0.9,0.50096166,49925,0.06321184820974368
0.4,0.7,0.1,0.5,0.5011474,49925,0.056175523222945896
0.9,0.8,0.1,0.5,0.50116265,49925,0.0513908008940044
0.1,0.7,0.2,0.9,0.5012199,49925,0.0658133429566323
0.8,0.4,0.1,0.9,0.5012233,49925,0.05369872151866779
0.6,0.5,0.1,0.7,0.50129783,49925,0.05547462531936702
0.6,0.6,0.1,0.6,0.5015161,49925,0.05503144933855213
0.2,0.5,0.1,0.5,0.50165176,49925,0.06068698511783012
0.3,0.6,0.1,0.5,0.502099,49925,0.05826938067564213
0.4,0.3,0.1,0.9,0.5024346,49925,0.05741956996183491
0.1,0.9,0.2,0.8,0.50248396,49925,0.06448684746848041
0.3,0.9,0.1,0.4,0.5025563,49925,0.055091355838912275
0.7,0.5,0.1,0.7,0.5026018,49925,0.0546360801410863
0.4,0.5,0.1,0.6,0.50261617,49925,0.057807071310853844
0.4,0.4,0.1,0.7,0.5030291,49925,0.05816008466300668
0.7,0.6,0.1,0.6,0.50372666,49925,0.05419617487907115
0.6,0.4,0.1,0.8,0.50382966,49925,0.05569123799831068
0.1,0.1,0.1,0.9,0.5044022,49925,0.060834706891995154
0.5,0.7,0.1,0.5,0.504426,49925,0.05524876360225892
0.2,0.8,0.2,0.9,0.504449,49925,0.06405410339110772
0.2,0.7,0.1,0.4,0.5048163,49925,0.05844684769102797
0.8,0.6,0.1,0.6,0.50516117,49925,0.053395771815248426
0.1,0.5,0.1,0.4,0.50516224,49925,0.0627559107777646
0.4,0.9,0.1,0.4,0.50518394,49925,0.05425082808720567
0.8,0.5,0.1,0.7,0.5053179,49925,0.053837253549043354
0.9,0.4,0.1,0.9,0.505602,49925,0.0530140958387661
0.3,0.8,0.1,0.4,0.50610185,49925,0.05617393356854127
0.1,0.8,0.2,0.8,0.50650674,49925,0.06547434297160429
0.1,0.6,0.2,0.9,0.50674367,49925,0.06675681006391396
0.1,0.3,0.1,0.5,0.50680715,49925,0.06513312337347679
0.6,0.7,0.1,0.5,0.5069593,49925,0.05437584671769903
0.2,0.2,0.1,0.8,0.5072024,49925,0.061052080515630894
0.4,0.6,0.1,0.5,0.5074929,49925,0.05721977564042532
0.3,0.4,0.1,0.6,0.50758153,49925,0.0599702256069077
0.9,0.6,0.1,0.6,0.5075898,49925,0.05263591045094043
0.9,0.5,0.1,0.7,0.5076257,49925,0.05308029558956307
0.5,0.9,0.1,0.4,0.5077623,49925,0.05344738587998351
0.7,0.4,0.1,0.8,0.5078366,49925,0.05486733891955791
0.3,0.9,0.2,0.9,0.50785387,49925,0.062446986898778846
0.5,0.5,0.1,0.6,0.5081899,49925,0.05680797295569856
0.1,0.2,0.1,0.6,0.50819874,49925,0.0650498607718235
0.7,0.7,0.1,0.5,0.50827634,49925,0.05356382198848022
0.8,0.7,0.1,0.5,0.50868446,49925,0.0527696440060375
0.2,0.3,0.1,0.6,0.5089253,49925,0.06240217475590233
0.4,0.8,0.1,0.4,0.5091442,49925,0.0552289645557278
0.2,0.9,0.2,0.8,0.5092963,49925,0.06362327473226169
0.9,0.7,0.1,0.5,0.5095915,49925,0.05201604852003389
0.1,0.9,0.1,0.3,0.50964606,49925,0.05686005707953028
0.5,0.3,0.1,0.9,0.5096727,49925,0.05656933559233863
0.3,0.7,0.1,0.4,0.51000106,49925,0.057340929675281385
0.5,0.4,0.1,0.7,0.51023275,49925,0.05717092024182614
0.2,0.4,0.1,0.5,0.5102386,49925,0.062051865713409274
0.4,0.3,0.1,0.8,0.5104888,49925,0.05822337873010105
0.2,0.6,0.1,0.4,0.510622,49925,0.05978823922921043
0.1,0.7,0.2,0.8,0.51086044,49925,0.06646209152125361
0.3,0.3,0.1,0.7,0.5109735,49925,0.060152407731150374
0.3,0.5,0.1,0.5,0.5109838,49925,0.05944472149967499
0.6,0.9,0.1,0.4,0.5109994,49925,0.052683343110719864
0.2,0.7,0.2,0.9,0.51144665,49925,0.06490194074262255
0.7,0.9,0.1,0.4,0.5114885,49925,0.05193702492634921
0.8,0.4,0.1,0.8,0.51166236,49925,0.05408299033025921
0.3,0.8,0.2,0.9,0.51169366,49925,0.06323382979877232
0.1,0.8,0.1,0.3,0.51233095,49925,0.05824510443992046
0.6,0.5,0.1,0.6,0.512431,49925,0.055844307589170014
0.5,0.8,0.1,0.4,0.5126331,49925,0.0543422064184982
0.5,0.6,0.1,0.5,0.5129508,49925,0.05619621523619237
0.4,0.9,0.2,0.9,0.5132777,49925,0.06170624784831701
0.1,0.9,0.2,0.7,0.5134393,49925,0.06493486627535318
0.8,0.9,0.1,0.4,0.5134985,49925,0.05122978791639858
0.1,0.4,0.1,0.4,0.5137801,49925,0.06453589323854717
0.2,0.8,0.2,0.8,0.5137801,49925,0.06453589323854717
0.4,0.4,0.1,0.6,0.5141252,49925,0.05882101883965995
0.1,0.5,0.2,0.9,0.5142122,49925,0.06771345371150801
0.9,0.9,0.1,0.4,0.5143589,49925,0.05056797802481608
0.4,0.7,0.1,0.4,0.5151645,49925,0.05628238886635296
0.9,0.4,0.1,0.8,0.5152768,49925,0.05333350849819934
0.6,0.8,0.1,0.4,0.51531774,49925,0.053518370400427236
0.6,0.6,0.1,0.5,0.5154112,49925,0.05523595343978719
0.2,0.9,0.1,0.3,0.51553965,49925,0.055872094160079974
0.6,0.4,0.1,0.7,0.5156918,49925,0.05621478131568631
0.3,0.9,0.2,0.8,0.5160134,49925,0.06278655543516845
0.1,0.7,0.1,0.3,0.51607305,49925,0.05976717012572018
0.6,0.3,0.1,0.9,0.5161144,49925,0.05572704054336126
0.1,0.1,0.1,0.8,0.51667595,49925,0.062395744610107474
0.7,0.8,0.1,0.4,0.5167667,49925,0.05270449701027913
0.7,0.5,0.1,0.6,0.51689,49925,0.05491890827562725
0.3,0.2,0.1,0.9,0.5169821,49925,0.058935680579999324
0.1,0.8,0.2,0.7,0.5170086,49925,0.06601333599228289
0.4,0.5,0.1,0.5,0.5170791,49925,0.05827849927842089
0.1,0.6,0.2,0.8,0.51720244,49925,0.0675232164314145
0.2,0.2,0.1,0.7,0.517207,49925,0.06227403786052223
0.7,0.6,0.1,0.5,0.517707,49925,0.05432957952794026
0.2,0.5,0.1,0.4,0.5178768,49925,0.061227003602418055
0.5,0.9,0.2,0.9,0.51798177,49925,0.06100568676888439
0.3,0.6,0.1,0.4,0.5181567,49925,0.05854696706652239
0.2,0.6,0.2,0.9,0.5183503,49925,0.0657920398078317
0.7,0.4,0.1,0.7,0.51863503,49925,0.05529276215536661
0.4,0.8,0.2,0.9,0.51882225,49925,0.06244170093602743
0.3,0.7,0.2,0.9,0.5190054,49925,0.06404492622267807
0.8,0.8,0.1,0.4,0.5192774,49925,0.05192614675312212
0.2,0.8,0.1,0.3,0.51945186,49925,0.057118781619477685
0.8,0.5,0.1,0.6,0.5195039,49925,0.05406476557084554
0.3,0.9,0.1,0.3,0.51961637,49925,0.05492382996277832
0.5,0.7,0.1,0.4,0.519921,49925,0.05530322929139908
0.5,0.3,0.1,0.8,0.5201282,49925,0.057249200987567486
0.8,0.6,0.1,0.5,0.52039963,49925,0.05347662510860685
0.2,0.7,0.2,0.8,0.52062875,49925,0.06548583368679785
0.2,0.9,0.2,0.7,0.5210906,49925,0.06402151482804513
0.3,0.3,0.1,0.6,0.52119327,49925,0.06104577520627534
0.3,0.8,0.2,0.8,0.52119803,49925,0.06364694938550147
0.4,0.3,0.1,0.7,0.52121973,49925,0.059022891556050075
0.7,0.3,0.1,0.9,0.52136517,49925,0.054913321738633426
0.3,0.4,0.1,0.5,0.5215768,49925,0.060664631350807484
0.4,0.9,0.2,0.8,0.52158993,49925,0.06199542351773003
0.9,0.8,0.1,0.4,0.52164066,49925,0.051200442222499
0.9,0.5,0.1,0.6,0.5216992,49925,0.05322112678886816
0.1,0.6,0.1,0.3,0.52219534,49925,0.061430821359721104
0.5,0.4,0.1,0.6,0.5225118,49925,0.05768701905803099
0.5,0.5,0.1,0.5,0.52275187,49925,0.05716978444815279
0.6,0.9,0.2,0.9,0.5228237,49925,0.06031141966685609
0.4,0.9,0.1,0.3,0.5229896,49925,0.05402612725287098
0.8,0.4,0.1,0.7,0.5232833,49925,0.054441650747491015
0.1,0.7,0.2,0.7,0.5233002,49925,0.06712405871407535
0.9,0.6,0.1,0.5,0.52383554,49925,0.052648453205698595
0.6,0.7,0.1,0.4,0.52424276,49925,0.05436915079989186
0.2,0.7,0.1,0.3,0.5245682,49925,0.05848697163701978
0.4,0.6,0.1,0.4,0.5246655,49925,0.0573833315285383
0.2,0.3,0.1,0.5,0.524811,49925,0.06344876894504196
0.3,0.2,0.1,0.8,0.5249361,49925,0.05998200868796733
0.5,0.8,0.2,0.9,0.52509254,49925,0.061681422055253246
0.3,0.8,0.1,0.3,0.5251061,49925,0.056069479738766255
0.2,0.8,0.2,0.7,0.5252653,49925,0.06499367073481017
0.5,0.9,0.1,0.3,0.5257004,49925,0.05319066849369448
0.8,0.3,0.1,0.9,0.5257602,49925,0.05413584611219711
0.1,0.5,0.2,0.8,0.52591413,49925,0.06860295717280003
0.1,0.4,0.2,0.9,0.5259692,49925,0.06867355291133974
0.9,0.4,0.1,0.7,0.52611357,49925,0.053612362958523486
0.6,0.3,0.1,0.8,0.52625954,49925,0.056324961215374746
0.3,0.5,0.1,0.4,0.526378,49925,0.059838670728098384
0.3,0.6,0.2,0.9,0.5264035,49925,0.06486703586028426
0.7,0.9,0.2,0.9,0.5264447,49925,0.05963475471088368
0.7,0.7,0.1,0.4,0.5267917,49925,0.053488799209432135
0.2,0.5,0.2,0.9,0.5268952,49925,0.06670625250837224
0.4,0.7,0.2,0.9,0.5270368,49925,0.06319207567515535
0.1,0.9,0.2,0.6,0.52750015,49925,0.06532793891062545
0.5,0.9,0.2,0.8,0.5275538,49925,0.06123774205142937
0.2,0.4,0.1,0.4,0.52768844,49925,0.06277723522602607
0.4,0.8,0.2,0.8,0.52768844,49925,0.06277723522602607
0.1,0.2,0.1,0.5,0.52770114,49925,0.06670603239233457
0.6,0.4,0.1,0.6,0.52814573,49925,0.05664516761198835
0.6,0.5,0.1,0.5,0.5282487,49925,0.05609615634369127
0.3,0.9,0.2,0.7,0.52830774,49925,0.06309398076248104
0.5,0.6,0.1,0.4,0.5283105,49925,0.05627107599056994
0.8,0.7,0.1,0.4,0.5285766,49925,0.05264656900033391
0.6,0.9,0.1,0.3,0.5288247,49925,0.0523883378878993
0.2,0.6,0.2,0.8,0.52913654,49925,0.06646462588235665
0.1,0.3,0.1,0.4,0.52913654,49925,0.06646462588235665
0.4,0.8,0.1,0.3,0.5292776,49925,0.055058282039876075
0.3,0.7,0.2,0.8,0.5293402,49925,0.06452593932619327
0.1,0.6,0.2,0.7,0.5294651,49925,0.0683030695060336
0.4,0.2,0.1,0.9,0.5297113,49925,0.058016699886514464
0.5,0.3,0.1,0.7,0.5297637,49925,0.05794640798373044
0.6,0.8,0.2,0.9,0.5301585,49925,0.060961518478352586
0.3,0.7,0.1,0.3,0.5301762,49925,0.0572693537751812
0.4,0.4,0.1,0.5,0.53027046,49925,0.059350524232498175
0.7,0.9,0.1,0.3,0.53029215,49925,0.051616197965358546
0.2,0.2,0.1,0.6,0.5303106,49925,0.06352902375192833
0.1,0.5,0.1,0.3,0.53039116,49925,0.06329970032463313
0.9,0.7,0.1,0.4,0.5305648,49925,0.051839117714437374
0.8,0.9,0.2,0.9,0.5309826,49925,0.058986088516207194
0.9,0.3,0.1,0.9,0.531111,49925,0.053379416318347014
0.5,0.8,0.1,0.3,0.5315925,49925,0.05412819024087507
0.8,0.9,0.1,0.3,0.53161937,49925,0.05087417600443622
0.7,0.3,0.1,0.8,0.5316224,49925,0.05542852549560777
0.2,0.7,0.2,0.7,0.5317972,49925,0.06603733549931513
0.6,0.9,0.2,0.8,0.5319288,49925,0.06050053647781292
0.1,0.8,0.2,0.6,0.53203,49925,0.06650185679658488
0.7,0.5,0.1,0.5,0.5320437,49925,0.055110576674080626
0.7,0.4,0.1,0.6,0.5320934,49925,0.05565465121946884
0.5,0.7,0.2,0.9,0.53213227,49925,0.06237873197748937
0.6,0.6,0.1,0.4,0.5322269,49925,0.055253982330667174
0.2,0.6,0.1,0.3,0.5325433,49925,0.059958792839230945
0.1,0.1,0.1,0.7,0.5329135,49925,0.06410432867790969
0.1,0.9,0.1,0.2,0.5333664,49925,0.056474165497652155
0.5,0.8,0.2,0.8,0.5334028,49925,0.06196737735433786
0.3,0.8,0.2,0.7,0.53363335,49925,0.0640210548846606
0.9,0.9,0.1,0.3,0.53378105,49925,0.05017472943781206
0.4,0.3,0.1,0.6,0.5338329,49925,0.059764128268583586
0.4,0.9,0.2,0.7,0.5339547,49925,0.062239399573608356
0.4,0.5,0.1,0.4,0.53415155,49925,0.058537192735479915
0.6,0.8,0.1,0.3,0.53433114,49925,0.05323862934053733
0.4,0.6,0.2,0.9,0.53463215,49925,0.06395481342229552
0.8,0.5,0.1,0.5,0.53490216,49925,0.05418484153385556
0.4,0.7,0.1,0.3,0.5349194,49925,0.056138245715448544
0.9,0.9,0.2,0.9,0.53496766,49925,0.05837589521421039
0.7,0.8,0.2,0.9,0.53551453,49925,0.06024484752261782
0.8,0.4,0.1,0.6,0.53575,49925,0.05470830543202528
0.2,0.9,0.2,0.6,0.53584415,49925,0.06431937495952383
0.4,0.7,0.2,0.8,0.5358671,49925,0.06359287074454904
0.3,0.2,0.1,0.7,0.53599155,49925,0.0610148288270542
0.7,0.8,0.1,0.3,0.53610563,49925,0.052395086206977234
0.8,0.3,0.1,0.8,0.5363594,49925,0.054565653027574844
0.7,0.6,0.1,0.4,0.5365191,49925,0.0543071498078278
0.7,0.9,0.2,0.8,0.5369993,49925,0.05979169536964095
0.3,0.3,0.1,0.5,0.53758156,49925,0.061871013919966154
0.5,0.4,0.1,0.5,0.53763366,49925,0.058122969799534456
0.3,0.6,0.2,0.8,0.5376974,49925,0.06543446514081795
0.6,0.3,0.1,0.7,0.53785944,49925,0.05690186330073455
0.6,0.7,0.2,0.9,0.5379649,49925,0.06160787240860063
0.8,0.8,0.2,0.9,0.5381194,49925,0.05954889628522398
0.1,0.7,0.2,0.6,0.5383244,49925,0.06773839394926293
0.1,0.4,0.2,0.8,0.5383862,49925,0.06968522658296168
0.3,0.5,0.2,0.9,0.5384382,49925,0.06568967369621587
0.2,0.5,0.2,0.8,0.53850305,49925,0.06746407866060564
0.1,0.3,0.2,0.9,0.5387788,49925,0.06956892296258675
0.8,0.8,0.1,0.3,0.53881985,49925,0.05158302042741534
0.1,0.5,0.2,0.7,0.53883636,49925,0.069504926366471
0.9,0.5,0.1,0.5,0.53883743,49925,0.053286144039152564
0.3,0.4,0.1,0.4,0.53884566,49925,0.06119012385538555
0.6,0.8,0.2,0.8,0.53884566,49925,0.06119012385538555
0.5,0.9,0.2,0.7,0.5390451,49925,0.06140934114712554
0.1,0.8,0.1,0.2,0.5393554,49925,0.05793900328984471
0.9,0.4,0.1,0.6,0.5393729,49925,0.05380122433263632
0.2,0.4,0.2,0.9,0.53974336,49925,0.06758616331868558
0.5,0.7,0.1,0.3,0.53979945,49925,0.05510857983937858
0.2,0.9,0.1,0.2,0.540182,49925,0.055402270846384
0.8,0.9,0.2,0.8,0.54025906,49925,0.05912579645649471
0.3,0.6,0.1,0.3,0.540375,49925,0.058563782037811506
0.5,0.5,0.1,0.4,0.54037786,49925,0.057309588363129084
0.3,0.7,0.2,0.7,0.54048115,49925,0.06498376474704903
0.5,0.2,0.1,0.9,0.54050577,49925,0.05707008545366758
0.4,0.8,0.2,0.7,0.5406991,49925,0.06308382212431794
0.2,0.1,0.1,0.9,0.54070765,49925,0.06012560616404589
0.4,0.2,0.1,0.8,0.5407336,49925,0.05891108589388334
0.5,0.6,0.2,0.9,0.5410388,49925,0.06307850597954832
0.9,0.3,0.1,0.8,0.5410622,49925,0.0537522765284973
0.2,0.6,0.2,0.7,0.54108995,49925,0.06713504588981659
0.1,0.9,0.3,0.9,0.54148763,49925,0.06948601659752433
0.8,0.6,0.1,0.4,0.5416467,49925,0.05337647765974883
0.5,0.7,0.2,0.8,0.54186857,49925,0.06273018553979058
0.2,0.8,0.2,0.6,0.5420808,49925,0.0654017682260945
0.1,0.4,0.1,0.3,0.5420808,49925,0.0654017682260945
0.9,0.8,0.1,0.3,0.5420825,49925,0.05082534178803313
0.1,0.9,0.2,0.5,0.5425638,49925,0.06567754695185282
0.9,0.8,0.2,0.9,0.54265153,49925,0.05889333879023537
0.6,0.7,0.1,0.3,0.5428454,49925,0.05414376911241543
0.2,0.5,0.1,0.3,0.54298836,49925,0.06156798397166428
0.3,0.9,0.2,0.6,0.543035,49925,0.06335613947476763
0.6,0.9,0.2,0.7,0.54307425,49925,0.06063357920480376
0.7,0.7,0.2,0.9,0.5431449,49925,0.060856442297451276
0.5,0.3,0.1,0.6,0.5434048,49925,0.05856088468657646
0.9,0.6,0.1,0.4,0.5440376,49925,0.052488895709283605
0.7,0.8,0.2,0.8,0.5442643,49925,0.06044131831666952
0.9,0.9,0.2,0.8,0.54448766,49925,0.05847272467975561
0.6,0.4,0.1,0.5,0.54463625,49925,0.05696437175199574
0.3,0.9,0.1,0.2,0.544647,49925,0.05441689900456065
0.7,0.3,0.1,0.7,0.5448937,49925,0.05592496650525009
0.2,0.3,0.1,0.4,0.5450734,49925,0.06445579563103536
0.4,0.6,0.2,0.8,0.5450734,49925,0.06445579563103536
0.4,0.6,0.1,0.3,0.5451227,49925,0.05728439002653947
0.1,0.7,0.1,0.2,0.54521424,49925,0.05961550621759182
0.1,0.8,0.3,0.9,0.5453389,49925,0.07043218015652022
0.6,0.5,0.1,0.4,0.5454932,49925,0.056184123289434326
0.7,0.7,0.1,0.3,0.5456008,49925,0.053203750961577145
0.5,0.8,0.2,0.7,0.5456397,49925,0.06219553676126467
0.1,0.6,0.2,0.6,0.54622835,49925,0.06904127279545608
0.2,0.8,0.1,0.2,0.54673505,49925,0.05673000499503483
0.4,0.9,0.1,0.2,0.5469153,49925,0.053511057339722584
0.7,0.9,0.2,0.7,0.54695356,49925,0.05989839331590665
0.6,0.7,0.2,0.8,0.5471559,49925,0.061888387437410784
0.6,0.6,0.2,0.9,0.54754543,49925,0.062248769369728195
0.4,0.5,0.2,0.9,0.5478888,49925,0.06472710580289141
0.4,0.4,0.1,0.4,0.54793143,49925,0.059708532804168477
0.8,0.8,0.2,0.8,0.54793143,49925,0.059708532804168477
0.7,0.4,0.1,0.5,0.54825026,49925,0.05588837562976664
0.1,0.8,0.2,0.5,0.5482557,49925,0.06694714287800746
0.4,0.7,0.2,0.7,0.54842055,49925,0.06398958056762667
0.8,0.7,0.1,0.3,0.5485072,49925,0.05233014905041346
0.2,0.7,0.2,0.6,0.54875433,49925,0.06654906667367817
0.8,0.7,0.2,0.9,0.54878926,49925,0.06012378422583233
0.3,0.8,0.2,0.6,0.54885256,49925,0.06435074959328532
0.5,0.9,0.1,0.2,0.54921716,49925,0.05266177113507871
0.4,0.9,0.2,0.6,0.5492447,49925,0.062435842028222034
0.3,0.6,0.2,0.7,0.54947907,49925,0.06600359507833607
0.3,0.2,0.1,0.6,0.5496036,49925,0.0620409800545782
0.3,0.5,0.2,0.8,0.54974383,49925,0.06636458348551538
0.2,0.9,0.3,0.9,0.5498012,49925,0.06861297452855704
0.8,0.3,0.1,0.7,0.5498527,49925,0.054974982161189755
0.5,0.6,0.1,0.3,0.5503243,49925,0.05612914070701213
0.2,0.5,0.2,0.7,0.5504266,49925,0.06824790796145327
0.6,0.9,0.1,0.2,0.55058557,49925,0.051844812336146115
0.1,0.1,0.1,0.6,0.55060196,49925,0.06597836414161326
0.1,0.4,0.2,0.7,0.55067486,49925,0.07075658841926694
0.4,0.3,0.1,0.5,0.55072063,49925,0.06043110218898825
0.7,0.5,0.1,0.4,0.5509495,49925,0.05511437367337674
0.2,0.9,0.2,0.5,0.55104226,49925,0.0645955840325956
0.6,0.2,0.1,0.9,0.5511086,49925,0.05616289040979934
0.6,0.8,0.2,0.7,0.55114603,49925,0.061353288129652836
0.2,0.2,0.1,0.5,0.5512142,49925,0.0648362945137701
0.1,0.9,0.3,0.8,0.5512691,49925,0.06999104452927898
0.3,0.8,0.1,0.2,0.5512951,49925,0.05560329979697807
0.8,0.9,0.2,0.7,0.5513294,49925,0.059174261233970106
0.4,0.2,0.1,0.7,0.55144966,49925,0.059788298369996835
0.3,0.5,0.1,0.3,0.5516082,49925,0.05999217983385624
0.2,0.1,0.1,0.8,0.55161315,49925,0.06145499923255134
0.1,0.7,0.3,0.9,0.5516908,49925,0.0713771590208476
0.5,0.6,0.2,0.8,0.55169153,49925,0.06350330807391237
0.3,0.4,0.2,0.9,0.5519029,49925,0.06654620161163961
0.1,0.6,0.1,0.2,0.5519875,49925,0.06150147743518758
0.9,0.7,0.1,0.3,0.5522584,49925,0.05149198527323848
0.1,0.3,0.2,0.8,0.55246955,49925,0.07074883159403074
0.7,0.9,0.1,0.2,0.5526351,49925,0.05105050742030102
0.7,0.7,0.2,0.8,0.5527567,49925,0.06107530689399951
0.2,0.4,0.2,0.8,0.5527681,49925,0.06846778431885116
0.1,0.2,0.1,0.4,0.5527681,49925,0.06846778431885116
0.9,0.7,0.2,0.9,0.5528434,49925,0.05942124538011032
0.5,0.2,0.1,0.8,0.5529285,49925,0.05785584922736258
0.9,0.8,0.2,0.8,0.5530255,49925,0.05901251057519989
0.6,0.3,0.1,0.6,0.5531018,49925,0.05741649846854867
0.1,0.5,0.2,0.6,0.5533073,49925,0.07042395278395847
0.4,0.8,0.1,0.2,0.553393,49925,0.05454890137966523
0.8,0.4,0.1,0.5,0.5534564,49925,0.05486633739581873
0.2,0.7,0.1,0.2,0.5535953,49925,0.05821470948066406
0.5,0.9,0.2,0.6,0.55407137,49925,0.06157129866035742
0.9,0.9,0.2,0.7,0.55430305,49925,0.05849148097497731
0.6,0.6,0.1,0.3,0.55436087,49925,0.055053787832134736
0.7,0.6,0.2,0.9,0.5545235,49925,0.06144290172374353
0.8,0.9,0.1,0.2,0.55464274,49925,0.05030398126550791
0.1,0.7,0.2,0.5,0.5551257,49925,0.06830713744745835
0.5,0.7,0.2,0.7,0.55525327,49925,0.06302698501551611
0.2,0.4,0.1,0.3,0.5554832,49925,0.06335836477979268
0.4,0.8,0.2,0.6,0.5554832,49925,0.06335836477979268
0.9,0.3,0.1,0.7,0.55556107,49925,0.054078733008144135
0.7,0.8,0.2,0.7,0.5559884,49925,0.060570318174605405
0.5,0.5,0.2,0.9,0.556085,49925,0.06378831308207587
0.1,0.8,0.3,0.8,0.5560875,49925,0.07099810920805981
0.5,0.8,0.1,0.2,0.55610025,49925,0.05359201090130273
0.2,0.8,0.3,0.9,0.55612105,49925,0.069501694811029
0.8,0.5,0.1,0.4,0.5565793,49925,0.0540952253868614
0.9,0.9,0.1,0.2,0.5568457,49925,0.04958440528202279
0.5,0.4,0.1,0.4,0.5570258,49925,0.058354888264906146
0.3,0.7,0.2,0.6,0.5571587,49925,0.06541392240928141
0.6,0.9,0.2,0.6,0.55730027,49925,0.0607414602996213
0.9,0.4,0.1,0.5,0.55732864,49925,0.053896405344483284
0.2,0.6,0.2,0.6,0.55734044,49925,0.06775103883490118
0.1,0.3,0.1,0.3,0.55734044,49925,0.06775103883490118
0.3,0.9,0.3,0.9,0.55734044,49925,0.06775103883490118
0.4,0.5,0.1,0.3,0.5574289,49925,0.05854664224355548
0.3,0.7,0.1,0.2,0.55744284,49925,0.05690214801872308
0.8,0.7,0.2,0.8,0.55764514,49925,0.06030943485035468
0.2,0.8,0.2,0.5,0.5577129,49925,0.06578080273788299
0.3,0.9,0.2,0.5,0.55792785,49925,0.06357314516229876
0.4,0.6,0.2,0.7,0.5579906,49925,0.06492448500440727
0.2,0.3,0.2,0.9,0.55825746,49925,0.06842263047676131
0.7,0.6,0.1,0.3,0.5583759,49925,0.05404264514048282
0.6,0.8,0.1,0.2,0.5587812,49925,0.052676101868831794
0.1,0.6,0.3,0.9,0.558828,49925,0.07234898534301772
0.1,0.9,0.2,0.4,0.5588947,49925,0.06596069220667426
0.7,0.3,0.1,0.6,0.558899,49925,0.05630281931341317
0.6,0.6,0.2,0.8,0.55897,49925,0.06258202356655106
0.3,0.3,0.1,0.4,0.55897,49925,0.06258202356655106
0.9,0.5,0.1,0.4,0.5591673,49925,0.05314817563924491
0.4,0.5,0.2,0.8,0.55925757,49925,0.06530007944662004
0.8,0.6,0.2,0.9,0.55969346,49925,0.0606908560321718
0.7,0.2,0.1,0.9,0.55978245,49925,0.055292587579942196
0.8,0.8,0.2,0.7,0.55990297,49925,0.05981132110963493
0.7,0.8,0.1,0.2,0.56062365,49925,0.05181785335038658
0.6,0.7,0.2,0.7,0.56071776,49925,0.062113562263380315
0.5,0.8,0.2,0.6,0.5608437,49925,0.06241813002551368
0.7,0.9,0.2,0.6,0.5610293,49925,0.059942208554062223
0.1,0.5,0.1,0.2,0.5610788,49925,0.06364122944336921
0.2,0.9,0.3,0.8,0.561278,49925,0.06906106369466405
0.4,0.7,0.1,0.2,0.56128,49925,0.0556933948183717
0.5,0.3,0.1,0.5,0.5613245,49925,0.05904977468555395
0.3,0.5,0.2,0.7,0.56170946,49925,0.06703928241000513
0.2,0.7,0.3,0.9,0.5617108,49925,0.07040443248799876
0.1,0.6,0.2,0.5,0.5617571,49925,0.0697602912242294
0.8,0.6,0.1,0.3,0.5619292,49925,0.05306374313699415
0.1,0.7,0.3,0.8,0.5623361,49925,0.07203970497243521
0.2,0.6,0.1,0.2,0.5623459,49925,0.0598433533952228
0.9,0.7,0.2,0.8,0.56257945,49925,0.059572135157154586
0.1,0.2,0.2,0.9,0.5626177,49925,0.0703484607557289
0.4,0.9,0.3,0.9,0.562639,49925,0.06693267947736849
0.6,0.5,0.2,0.9,0.5631033,49925,0.06289902861799496
0.5,0.5,0.1,0.3,0.56311005,49925,0.057214591475150275
0.6,0.2,0.1,0.8,0.5632977,49925,0.056840903108366946
0.3,0.8,0.3,0.9,0.5634707,49925,0.06859960549845673
0.8,0.8,0.1,0.2,0.5635017,49925,0.050984411121459225
0.1,0.9,0.3,0.7,0.56353,49925,0.07047227942923294
0.4,0.4,0.2,0.9,0.5635841,49925,0.0654958191279947
0.6,0.4,0.1,0.4,0.5639206,49925,0.057080885549554865
0.9,0.8,0.2,0.7,0.56423897,49925,0.059077826407166426
0.8,0.9,0.2,0.6,0.56440914,49925,0.059182107552346416
0.3,0.8,0.2,0.5,0.56450593,49925,0.06464607254260261
0.1,0.8,0.2,0.4,0.5645223,49925,0.06735403965733683
0.7,0.6,0.2,0.8,0.56470156,49925,0.06172630752616336
0.2,0.7,0.2,0.5,0.564744,49925,0.06703362323569749
0.2,0.4,0.2,0.7,0.56488204,49925,0.06939376279339025
0.4,0.9,0.2,0.5,0.56490177,49925,0.0625946974944394
0.5,0.7,0.1,0.2,0.5649204,49925,0.05460619839353601
0.1,0.4,0.2,0.6,0.5651506,49925,0.07183694008835778
0.5,0.6,0.2,0.7,0.565163,49925,0.06386970514806241
0.4,0.7,0.2,0.6,0.56525856,49925,0.06433857270174849
0.3,0.4,0.2,0.8,0.5654086,49925,0.06729593002734859
0.3,0.6,0.2,0.6,0.56548685,49925,0.06652656516472757
0.1,0.3,0.2,0.7,0.56558436,49925,0.07199920416083462
0.2,0.1,0.1,0.7,0.5656723,49925,0.06283540000582437
0.9,0.6,0.2,0.9,0.5658537,49925,0.05995222941553649
0.8,0.3,0.1,0.6,0.56608546,49925,0.05527082342600136
0.3,0.4,0.1,0.3,0.56617147,49925,0.06152692755471698
0.6,0.8,0.2,0.6,0.56617147,49925,0.06152692755471698
0.1,0.5,0.3,0.9,0.56617373,49925,0.07332046559411563
0.9,0.6,0.1,0.3,0.5662631,49925,0.05215028554223479
0.2,0.8,0.3,0.8,0.5666276,49925,0.07001767521198658
0.7,0.7,0.2,0.7,0.5667172,49925,0.06126070314934184
0.2,0.5,0.2,0.6,0.5669049,49925,0.06901465543605013
0.3,0.1,0.1,0.9,0.56693584,49925,0.059238504272026385
0.9,0.8,0.1,0.2,0.5669681,49925,0.05021262717434395
0.8,0.2,0.1,0.9,0.566991,49925,0.05445104311691344
0.2,0.9,0.2,0.4,0.5671429,49925,0.06482255887481683
0.5,0.5,0.2,0.8,0.56723577,49925,0.0642734494329219
0.4,0.2,0.1,0.6,0.56751204,49925,0.06062802770764378
0.5,0.2,0.1,0.7,0.56759506,49925,0.05860266495855644
0.7,0.5,0.2,0.9,0.5677213,49925,0.06204060472367747
0.1,0.9,0.1,0.1,0.567755,49925,0.055769364901112346
0.1,0.8,0.3,0.7,0.56810206,49925,0.0715594121897745
0.3,0.6,0.1,0.2,0.5684768,49925,0.058337630898477176
0.5,0.9,0.3,0.9,0.56848186,49925,0.06613219307533935
0.9,0.9,0.2,0.6,0.5686852,49925,0.05846950667939033
0.4,0.8,0.3,0.9,0.5687038,49925,0.06771397824556005
0.6,0.5,0.1,0.3,0.56884485,49925,0.056000941113679835
0.3,0.9,0.3,0.8,0.5689001,49925,0.06815959057130298
0.6,0.7,0.1,0.2,0.56905854,49925,0.053566612499775616
0.6,0.3,0.1,0.5,0.56937045,49925,0.05778041917814192
0.7,0.8,0.2,0.6,0.5695809,49925,0.060673785127366806
0.5,0.9,0.2,0.5,0.56969213,49925,0.061675646403467135
0.3,0.2,0.1,0.5,0.56974924,49925,0.06306313742234802
0.7,0.4,0.1,0.4,0.5700489,49925,0.05590073941215926
0.4,0.3,0.1,0.4,0.5700562,49925,0.06090973996951181
0.8,0.6,0.2,0.8,0.5700562,49925,0.06090973996951181
0.1,0.5,0.2,0.5,0.570081,49925,0.07129623654096653
0.2,0.3,0.2,0.8,0.5700843,49925,0.06946187872132045
0.9,0.3,0.1,0.6,0.5703832,49925,0.05430912434036891
0.5,0.7,0.2,0.6,0.570433,49925,0.06331502807073318
0.2,0.6,0.3,0.9,0.5708472,49925,0.07133522671778607
0.4,0.8,0.2,0.5,0.5709286,49925,0.06359446310960085
0.8,0.7,0.2,0.7,0.5709753,49925,0.060457423477447945
0.3,0.7,0.3,0.9,0.5713152,49925,0.06944667761295663
0.1,0.7,0.2,0.4,0.5720346,49925,0.06880609253226476
0.7,0.7,0.1,0.2,0.5720483,49925,0.052610020239085564
0.2,0.9,0.3,0.7,0.57207024,49925,0.06949096717817899
0.1,0.6,0.3,0.8,0.5720971,49925,0.07310799283173372
0.4,0.5,0.2,0.7,0.5722384,49925,0.06588819772603523
0.3,0.3,0.2,0.9,0.572331,49925,0.06732535537425992
0.5,0.4,0.2,0.9,0.57253754,49925,0.06451512142055306
0.2,0.9,0.1,0.1,0.57293105,49925,0.05471210464253238
0.7,0.2,0.1,0.8,0.57301944,49925,0.055861804534311846
0.3,0.7,0.2,0.5,0.57302845,49925,0.06581407861561084
0.6,0.9,0.2,0.5,0.57336366,49925,0.060787724832140205
0.6,0.6,0.2,0.7,0.5734471,49925,0.06290271928419994
0.6,0.9,0.3,0.9,0.57360685,49925,0.06536412378151071
0.4,0.6,0.2,0.6,0.57360685,49925,0.06536412378151073
0.2,0.3,0.1,0.3,0.57360685,49925,0.06536412378151073
0.1,0.1,0.1,0.5,0.5737752,49925,0.06804944443606795
0.2,0.7,0.3,0.8,0.57378703,49925,0.0710013847646528
0.2,0.5,0.1,0.2,0.57379866,49925,0.06168423055993182
0.1,0.7,0.3,0.7,0.57379925,49925,0.07267601449732373
0.9,0.2,0.1,0.9,0.5739339,49925,0.05363530299030557
0.8,0.8,0.2,0.6,0.5740892,49925,0.05985633505656506
0.4,0.4,0.1,0.3,0.5740892,49925,0.05985633505656506
0.4,0.6,0.1,0.2,0.57415164,49925,0.056956521912357054
0.1,0.9,0.4,0.9,0.5743375,49925,0.07340808666636067
0.8,0.4,0.1,0.4,0.5743728,49925,0.05480501164578008
0.6,0.5,0.2,0.8,0.5744957,49925,0.06330984412401464
0.2,0.6,0.2,0.5,0.5745117,49925,0.06835675808968072
0.3,0.9,0.1,0.1,0.5746162,49925,0.05371428421727966
0.1,0.9,0.3,0.6,0.5746754,49925,0.07091797680934735
0.3,0.9,0.2,0.4,0.57470864,49925,0.06373029958620226
0.7,0.5,0.1,0.3,0.574745,49925,0.05486308951714817
0.3,0.8,0.3,0.8,0.5749057,49925,0.06905727610082629
0.8,0.7,0.1,0.2,0.5749716,49925,0.05170499432490315
0.5,0.8,0.3,0.9,0.5749813,49925,0.06686993811601401
0.1,0.4,0.1,0.2,0.57535696,49925,0.06609112172501383
0.2,0.8,0.2,0.4,0.57535696,49925,0.06609112172501383
0.4,0.9,0.3,0.8,0.5753689,49925,0.06729097853773566
0.9,0.7,0.2,0.7,0.5753784,49925,0.059681989602621416
0.2,0.2,0.1,0.4,0.57594323,49925,0.06616527917372561
0.4,0.4,0.2,0.8,0.57594323,49925,0.06616527917372561
0.6,0.7,0.2,0.6,0.576119,49925,0.06233946198698542
0.8,0.5,0.2,0.9,0.57616425,49925,0.0612321637534256
0.9,0.6,0.2,0.8,0.57625884,49925,0.06012968848412585
0.7,0.9,0.2,0.5,0.5765282,49925,0.05994620531272689
0.1,0.8,0.1,0.1,0.5766653,49925,0.057358788918544394
0.1,0.4,0.3,0.9,0.5767735,49925,0.07426146071574942
0.3,0.5,0.2,0.6,0.57698005,49925,0.06766576674247034
0.1,0.2,0.2,0.8,0.5771451,49925,0.07166933803426
0.3,0.4,0.2,0.7,0.5773726,49925,0.06807315613222166
0.5,0.8,0.2,0.5,0.57738316,49925,0.06258925834370581
0.5,0.6,0.1,0.2,0.577875,49925,0.055688276470963485
0.7,0.6,0.2,0.7,0.57793236,49925,0.06197121115088176
0.4,0.9,0.1,0.1,0.5779487,49925,0.05274992762186567
0.7,0.3,0.1,0.5,0.57810366,49925,0.05660189317667929
0.9,0.7,0.1,0.2,0.5782561,49925,0.050845535508852416
0.6,0.2,0.1,0.7,0.5785129,49925,0.05745902861442653
0.2,0.8,0.3,0.7,0.57853323,49925,0.0705015914884029
0.9,0.8,0.2,0.6,0.57858974,49925,0.059074765454926126
0.4,0.7,0.3,0.9,0.57860947,49925,0.06852118987126314
0.8,0.5,0.1,0.3,0.5786688,49925,0.05379414146697237
0.3,0.1,0.1,0.8,0.5789264,49925,0.060358340393046335
0.7,0.9,0.3,0.9,0.5792014,49925,0.06460742597567015
0.5,0.9,0.1,0.1,0.5794438,49925,0.05188242436512931
0.1,0.5,0.3,0.8,0.57963276,49925,0.07415545130214954
0.9,0.4,0.1,0.4,0.5798425,49925,0.053784378667120304
0.1,0.9,0.2,0.3,0.57992655,49925,0.06612656250265857
0.8,0.9,0.2,0.5,0.5800579,49925,0.05914455729512317
0.1,0.6,0.2,0.4,0.5801325,49925,0.0703930826938354
0.1,0.8,0.3,0.6,0.58017635,49925,0.07207182857923781
0.6,0.9,0.1,0.1,0.5803488,49925,0.051059950780222456
0.3,0.9,0.3,0.7,0.580353,49925,0.06852995317271787
0.5,0.5,0.2,0.7,0.5803873,49925,0.06475314353520259
0.1,0.3,0.2,0.6,0.58039886,49925,0.07323855990798003
0.8,0.2,0.1,0.8,0.580794,49925,0.05492887855960634
0.6,0.4,0.2,0.9,0.58097523,49925,0.06355786254596392
0.7,0.5,0.2,0.8,0.58103925,49925,0.062389122210083255
0.5,0.9,0.3,0.8,0.58107233,49925,0.06645434601601247
0.5,0.6,0.2,0.6,0.5810953,49925,0.06423384769657398
0.9,0.5,0.2,0.9,0.5811587,49925,0.060452723525752206
0.4,0.7,0.2,0.5,0.5813299,49925,0.06464160260282467
0.6,0.8,0.3,0.9,0.5813564,49925,0.06604648563560507
0.7,0.7,0.2,0.6,0.58139044,49925,0.061415878303377316
0.4,0.9,0.2,0.4,0.5814257,49925,0.0626912288059022
0.2,0.8,0.1,0.1,0.58168995,49925,0.05611910259919899
0.6,0.6,0.1,0.2,0.58176494,49925,0.05450360679266111
0.5,0.3,0.1,0.4,0.58201414,49925,0.05938715688088904
0.3,0.6,0.3,0.9,0.5820597,49925,0.07031354893107043
0.1,0.2,0.1,0.3,0.5820597,49925,0.07031354893107043
0.2,0.4,0.2,0.6,0.5820597,49925,0.07031354893107043
0.5,0.4,0.1,0.3,0.5820765,49925,0.058338699650008596
0.4,0.8,0.3,0.8,0.5820846,49925,0.06811140853027396
0.6,0.8,0.2,0.5,0.5821745,49925,0.06162727836964258
0.3,0.5,0.1,0.2,0.58228064,49925,0.059906670843256724
0.2,0.5,0.3,0.9,0.58258384,49925,0.07224768594217651
0.9,0.9,0.2,0.5,0.5827204,49925,0.058387825898533904
0.8,0.3,0.1,0.5,0.5828211,49925,0.05547440797260161
0.1,0.8,0.4,0.9,0.58289295,49925,0.07430188975318093
0.5,0.2,0.1,0.6,0.58315766,49925,0.059282102067366914
0.7,0.9,0.1,0.1,0.583193,49925,0.05027830204258827
0.2,0.7,0.2,0.4,0.58347476,49925,0.06743240904590435
0.2,0.6,0.3,0.8,0.58357006,49925,0.0719913462335771
0.3,0.8,0.2,0.4,0.5835765,49925,0.06488617594264105
0.1,0.6,0.3,0.7,0.5836979,49925,0.07380449048362651
0.3,0.8,0.1,0.1,0.5837045,49925,0.054948429405847925
0.8,0.9,0.3,0.9,0.58378583,49925,0.06387728835423351
0.1,0.4,0.2,0.5,0.5838014,49925,0.0728628871113753
0.3,0.7,0.3,0.8,0.58400583,49925,0.06996443314257811
0.8,0.6,0.2,0.7,0.584027,49925,0.061099552459931185
0.1,0.7,0.1,0.1,0.5840585,49925,0.059154828351433375
0.9,0.5,0.1,0.3,0.5842807,49925,0.05280544964944214
0.1,0.9,0.4,0.8,0.58435404,49925,0.07387075027032619
0.3,0.6,0.2,0.5,0.584476,49925,0.06701871118673884
0.2,0.9,0.3,0.6,0.5845827,49925,0.06988015210072478
0.8,0.9,0.1,0.1,0.5846874,49925,0.04952068010808811
0.2,0.3,0.2,0.7,0.5848356,49925,0.07053730043864667
0.2,0.5,0.2,0.5,0.5849154,49925,0.06973209543237653
0.2,0.9,0.4,0.9,0.5852306,49925,0.07252930849376378
0.2,0.7,0.3,0.7,0.58525294,49925,0.0715580701848682
0.5,0.4,0.2,0.8,0.58539146,49925,0.06508178583960667
0.4,0.3,0.2,0.9,0.5855725,49925,0.06623740170589293
0.7,0.6,0.1,0.2,0.58570063,49925,0.05340749079998055
0.3,0.3,0.2,0.8,0.5859582,49925,0.06821944960942346
0.4,0.2,0.1,0.5,0.5860617,49925,0.06140136557053427
0.5,0.9,0.2,0.4,0.5860939,49925,0.06169382320690264
0.8,0.7,0.2,0.6,0.5862484,49925,0.060533692996191824
0.1,0.8,0.2,0.3,0.5863154,49925,0.06758321458308121
0.1,0.7,0.3,0.6,0.58633465,49925,0.07326213595457054
0.7,0.8,0.2,0.5,0.58636713,49925,0.06070891571086014
0.5,0.7,0.3,0.9,0.5865854,49925,0.06760975817476357
0.3,0.8,0.3,0.7,0.586669,49925,0.06947961027013096
0.4,0.5,0.2,0.6,0.5867529,49925,0.06638818254927706
0.6,0.9,0.3,0.8,0.5868827,49925,0.06563210377368041
0.8,0.5,0.2,0.8,0.5870315,49925,0.061516370471665395
0.2,0.1,0.1,0.6,0.5871019,49925,0.06434062492181848
0.9,0.9,0.1,0.1,0.587112,49925,0.048832970052739115
0.4,0.8,0.1,0.1,0.587582,49925,0.053854370167478426
0.2,0.2,0.2,0.9,0.58758855,49925,0.06916555975719937
0.9,0.2,0.1,0.8,0.5878046,49925,0.05403860594025928
0.4,0.9,0.3,0.7,0.5878159,49925,0.06762256792072179
0.9,0.3,0.1,0.5,0.58803046,49925,0.05443558795989961
0.6,0.4,0.1,0.3,0.58807147,49925,0.0569594858515752
0.7,0.8,0.3,0.9,0.58818424,49925,0.06525714778721653
0.6,0.6,0.2,0.6,0.5885495,49925,0.0631677585398992
0.3,0.3,0.1,0.3,0.5885495,49925,0.0631677585398992
0.9,0.9,0.3,0.9,0.5885495,49925,0.06316775853989919
0.7,0.2,0.1,0.7,0.5885519,49925,0.05639145684242429
0.5,0.7,0.2,0.5,0.5885877,49925,0.06353676490892161
0.5,0.8,0.1,0.1,0.5886034,49925,0.05284448126685732
0.6,0.5,0.2,0.7,0.58888334,49925,0.06368136909703286
0.1,0.5,0.2,0.4,0.5889005,49925,0.07207776653404317
0.1,0.9,0.3,0.5,0.5889864,49925,0.07127703272687005
0.1,0.7,0.4,0.9,0.58910567,49925,0.07519579726222317
0.9,0.6,0.2,0.7,0.58911955,49925,0.060257516064576674
0.7,0.4,0.2,0.9,0.589168,49925,0.06263562415911697
0.1,0.4,0.3,0.8,0.58918476,49925,0.07518688565720374
0.8,0.8,0.2,0.5,0.58920413,49925,0.05984988250972902
0.5,0.8,0.3,0.8,0.5892503,49925,0.0672099204315471
0.2,0.9,0.2,0.3,0.58932734,49925,0.0649291891565092
0.4,0.5,0.1,0.2,0.58967376,49925,0.058292658749744146
0.8,0.6,0.1,0.2,0.5899601,49925,0.05241281096456048
0.9,0.7,0.2,0.6,0.58996594,49925,0.059688122119902015
0.6,0.3,0.1,0.4,0.5900234,49925,0.05797596002601901
0.4,0.4,0.2,0.7,0.5900465,49925,0.06683067264523286
0.4,0.1,0.1,0.9,0.5900642,49925,0.05828675875376013
0.2,0.8,0.3,0.6,0.59013337,49925,0.07095178564821472
0.2,0.7,0.1,0.1,0.5904869,49925,0.05770237379266194
0.7,0.9,0.3,0.8,0.59072995,49925,0.06482253028501472
0.6,0.9,0.2,0.4,0.59082115,49925,0.060742528747285945
0.4,0.8,0.2,0.4,0.590888,49925,0.06373539029646508
0.2,0.4,0.1,0.2,0.590888,49925,0.06373539029646508
0.6,0.8,0.1,0.1,0.5910855,49925,0.051889439779544744
0.1,0.8,0.4,0.8,0.5913085,49925,0.07480685886230484
0.4,0.6,0.3,0.9,0.5913402,49925,0.06932423385455724
0.1,0.5,0.3,0.7,0.5921374,49925,0.07497206396180486
0.4,0.7,0.3,0.8,0.59245175,49925,0.06896956110314834
0.9,0.8,0.2,0.5,0.59254444,49925,0.05903045533819733
0.3,0.7,0.2,0.4,0.59262365,49925,0.06610635295111712
0.3,0.9,0.3,0.6,0.5927518,49925,0.06885560988802804
0.2,0.6,0.2,0.4,0.5927518,49925,0.06885560988802804
0.1,0.3,0.1,0.2,0.5927518,49925,0.06885560988802804
0.4,0.6,0.2,0.5,0.5927535,49925,0.06574681058195425
0.2,0.5,0.3,0.8,0.5927593,49925,0.07298595840394212
0.1,0.2,0.2,0.7,0.59276253,49925,0.07309327332793365
0.1,0.6,0.1,0.1,0.5930007,49925,0.06122606634656819
0.7,0.8,0.1,0.1,0.59323925,49925,0.05099115403924798
0.9,0.5,0.2,0.8,0.59329593,49925,0.060681888888317104
0.6,0.7,0.3,0.9,0.59346205,49925,0.06673257109434753
0.2,0.8,0.4,0.9,0.5936118,49925,0.07336619830243689
0.1,0.7,0.2,0.3,0.59363663,49925,0.06915533332844248
0.3,0.5,0.3,0.9,0.59364253,49925,0.07117213952349842
0.6,0.8,0.3,0.8,0.5937425,49925,0.06635668711543073
0.5,0.9,0.3,0.7,0.593861,49925,0.06671509315208954
0.3,0.9,0.4,0.9,0.5941622,49925,0.07167743782175781
0.6,0.7,0.2,0.5,0.59421605,49925,0.06250222229112166
0.6,0.4,0.2,0.8,0.59424794,49925,0.06403798770499755
0.3,0.2,0.1,0.4,0.59424794,49925,0.06403798770499755
0.3,0.6,0.3,0.8,0.5942704,49925,0.07089616885331919
0.8,0.8,0.3,0.9,0.59431094,49925,0.06449136694588191
0.2,0.9,0.4,0.8,0.59456855,49925,0.07296040507170042
0.9,0.6,0.1,0.2,0.5946136,49925,0.05147885018472036
0.1,0.8,0.3,0.5,0.5948178,49925,0.07250877441153826
0.3,0.7,0.1,0.1,0.5948822,49925,0.0563141637293872
0.8,0.9,0.3,0.8,0.5949463,49925,0.06406072431854826
0.1,0.6,0.3,0.6,0.59495556,49925,0.07449093729512704
0.4,0.8,0.3,0.7,0.5949975,49925,0.06848654543673816
0.7,0.4,0.1,0.3,0.5950686,49925,0.05567104028633244
0.3,0.1,0.1,0.7,0.5951102,49925,0.06151959700607824
0.8,0.8,0.1,0.1,0.5951966,49925,0.05017292993728456
0.8,0.2,0.1,0.7,0.5952723,49925,0.05535758430989989
0.7,0.6,0.2,0.6,0.59529346,49925,0.06217388236337734
0.7,0.9,0.2,0.4,0.5957796,49925,0.05985526660142296
0.1,0.9,0.4,0.7,0.5958963,49925,0.07432586107918392
0.1,0.6,0.4,0.9,0.5959059,49925,0.07611143062291334
0.3,0.4,0.2,0.6,0.5959857,49925,0.06883746436098839
0.5,0.5,0.1,0.2,0.59603524,49925,0.056829936539257324
0.2,0.4,0.3,0.9,0.5960968,49925,0.07312126460093478
0.6,0.2,0.1,0.6,0.59610337,49925,0.05803968354976806
0.3,0.7,0.3,0.7,0.59617966,49925,0.0704527682701813
0.2,0.8,0.2,0.3,0.5963359,49925,0.06626257164772284
0.7,0.5,0.2,0.7,0.59639156,49925,0.0626890066296839
0.5,0.5,0.2,0.6,0.59657276,49925,0.06518142583092479
0.8,0.4,0.2,0.9,0.5966488,49925,0.061769614003574815
0.4,0.7,0.1,0.1,0.59668815,49925,0.055049286326294085
0.3,0.9,0.2,0.3,0.5967939,49925,0.0637771629581493
0.5,0.8,0.2,0.4,0.5969757,49925,0.06265033871120451
0.2,0.6,0.3,0.7,0.5970661,49925,0.07261090894228973
0.1,0.3,0.3,0.9,0.5971652,49925,0.07512077054547014
0.3,0.5,0.2,0.5,0.59750366,49925,0.0682711058184627
0.7,0.7,0.2,0.5,0.5976616,49925,0.06150288105496237
0.9,0.8,0.1,0.1,0.5979099,49925,0.04940739776555625
0.2,0.7,0.3,0.6,0.5981619,49925,0.07206804761228713
0.2,0.9,0.3,0.5,0.59871817,49925,0.07018442389769114
0.9,0.8,0.3,0.9,0.5987901,49925,0.06373926196896515
0.5,0.3,0.2,0.9,0.5989157,49925,0.06517341323078134
0.1,0.3,0.2,0.5,0.5989999,49925,0.07448851240332192
0.9,0.9,0.3,0.8,0.59915864,49925,0.06333763179903101
0.7,0.3,0.1,0.4,0.5991593,49925,0.05665309953467535
0.7,0.8,0.3,0.8,0.59922636,49925,0.06552000162360642
0.8,0.9,0.2,0.4,0.59927356,49925,0.05900606774879214
0.5,0.7,0.3,0.8,0.5993211,49925,0.06799560337255602
0.5,0.6,0.2,0.5,0.59933966,49925,0.0645387124193953
0.6,0.9,0.3,0.7,0.59934473,49925,0.06585370844911351
0.3,0.8,0.3,0.6,0.5995103,49925,0.06985733023784194
0.4,0.3,0.1,0.3,0.5996917,49925,0.06122473515684691
0.8,0.6,0.2,0.6,0.5996917,49925,0.06122473515684691
0.5,0.6,0.3,0.9,0.5997779,49925,0.06836433595579872
0.4,0.7,0.2,0.4,0.5997898,49925,0.0648507835837689
0.7,0.7,0.3,0.9,0.59981483,49925,0.06589205734433838
0.5,0.7,0.1,0.1,0.5998285,49925,0.05385961274453763
0.4,0.9,0.3,0.6,0.5998313,49925,0.06787865456503503
0.6,0.5,0.1,0.2,0.6000086,49925,0.05548599892588105
0.4,0.3,0.2,0.8,0.6001523,49925,0.06698629552125142
0.1,0.7,0.4,0.8,0.6002091,49925,0.0757789187572222
0.6,0.8,0.2,0.4,0.6002759,49925,0.06162454338916671
0.3,0.4,0.1,0.2,0.6002759,49925,0.06162454338916671
0.2,0.6,0.1,0.1,0.6002847,49925,0.05945482401575273
0.5,0.2,0.1,0.5,0.6004008,49925,0.059869131953404785
0.5,0.4,0.2,0.7,0.60062325,49925,0.06563492522360326
0.3,0.3,0.2,0.7,0.60102475,49925,0.06912515769897835
0.2,0.7,0.4,0.9,0.6010352,49925,0.07422748331697886
0.2,0.3,0.2,0.6,0.6010663,49925,0.07159825528193428
0.7,0.4,0.2,0.8,0.6015154,49925,0.06303911584064976
0.1,0.7,0.3,0.5,0.60180926,49925,0.07379876732141362
0.8,0.7,0.2,0.5,0.6019115,49925,0.06056730374527736
0.2,0.4,0.2,0.5,0.60197735,49925,0.07117743177785785
0.5,0.8,0.3,0.7,0.6020598,49925,0.0675384319736122
0.4,0.9,0.2,0.3,0.60210776,49925,0.06265064665165081
0.8,0.4,0.1,0.3,0.60219216,49925,0.054492697554899064
0.4,0.9,0.4,0.9,0.6022239,49925,0.07082099044539655
0.1,0.6,0.2,0.3,0.6022778,49925,0.07086780128993192
0.1,0.1,0.1,0.4,0.6024811,49925,0.07035093008349617
0.1,0.4,0.2,0.4,0.6024811,49925,0.07384149337663594
0.2,0.8,0.4,0.8,0.6024811,49925,0.07384149337663594
0.2,0.2,0.2,0.8,0.6024811,49925,0.07035093008349617
0.8,0.5,0.2,0.7,0.60272074,49925,0.06174670111222973
0.2,0.5,0.2,0.4,0.6027866,49925,0.0703747687819822
0.4,0.1,0.1,0.8,0.6028693,49925,0.05923970297315273
0.3,0.8,0.4,0.9,0.60301524,49925,0.07246415925610128
0.1,0.4,0.3,0.7,0.60314476,49925,0.07611774247148562
0.9,0.4,0.2,0.9,0.6031956,49925,0.06093492634474987
0.1,0.9,0.2,0.2,0.603327,49925,0.06612726015278961
0.9,0.9,0.2,0.4,0.60348445,49925,0.05820276616679606
0.3,0.6,0.2,0.4,0.6037361,49925,0.06740023213335547
0.6,0.7,0.1,0.1,0.60375726,49925,0.05276168942170394
0.3,0.9,0.4,0.8,0.6037911,49925,0.07204317748428375
0.7,0.5,0.1,0.2,0.60396504,49925,0.05423971534805186
0.7,0.9,0.3,0.7,0.6039723,49925,0.06502319603709664
0.1,0.8,0.4,0.7,0.6041124,49925,0.0753068201606306
0.4,0.6,0.3,0.8,0.6041442,49925,0.06982244674967641
0.9,0.2,0.1,0.7,0.6042268,49925,0.05439396974864814
0.7,0.2,0.1,0.6,0.60429037,49925,0.05684652190768954
0.1,0.5,0.1,0.1,0.6044034,49925,0.06356484253915076
0.4,0.7,0.3,0.7,0.6045041,49925,0.06936908179426592
0.4,0.5,0.3,0.9,0.60453486,49925,0.0701308899900558
0.9,0.6,0.2,0.6,0.60482967,49925,0.06032412493685463
0.8,0.3,0.1,0.4,0.60503066,49925,0.05544001099474565
0.2,0.7,0.2,0.3,0.6050587,49925,0.06767239941013797
0.3,0.8,0.2,0.3,0.6051799,49925,0.06496462668874287
0.3,0.5,0.3,0.8,0.6053927,49925,0.07184291715413776
0.8,0.8,0.3,0.8,0.6054637,49925,0.06469824390628764
0.1,0.9,0.3,0.4,0.6058418,49925,0.07156972544220132
0.6,0.5,0.2,0.6,0.6058883,49925,0.06401922672944285
0.2,0.9,0.4,0.7,0.6059002,49925,0.07333675759655225
0.7,0.8,0.2,0.4,0.6059009,49925,0.060658148827394245
0.1,0.9,0.5,0.9,0.6059528,49925,0.0762374784109083
0.6,0.7,0.3,0.8,0.6059639,49925,0.06706887701112185
0.9,0.7,0.2,0.5,0.6061319,49925,0.059683192291063704
0.4,0.5,0.2,0.5,0.60619414,49925,0.06685964944938286
0.1,0.5,0.3,0.6,0.60622895,49925,0.07575777071619108
0.6,0.6,0.2,0.5,0.60627276,49925,0.06339654887787535
0.8,0.7,0.3,0.9,0.60638267,49925,0.06509419236663357
0.2,0.5,0.3,0.7,0.60644704,49925,0.07370272344922296
0.5,0.9,0.2,0.3,0.6065092,49925,0.061592887326092964
0.7,0.7,0.1,0.1,0.6065133,49925,0.05177555756063148
0.2,0.8,0.3,0.5,0.6065934,49925,0.0713244934950121
0.1,0.5,0.4,0.9,0.6066569,49925,0.07699438750720433
0.3,0.6,0.1,0.1,0.60675955,49925,0.05782507826365674
0.5,0.9,0.3,0.6,0.60688895,49925,0.06693703859576641
0.9,0.4,0.1,0.3,0.6071413,49925,0.053403440154124425
0.3,0.2,0.2,0.9,0.60718715,49925,0.0680122496525374
0.6,0.6,0.3,0.9,0.6072547,49925,0.06745373780580449
0.2,0.2,0.1,0.3,0.6072547,49925,0.06745373780580449
0.4,0.4,0.2,0.6,0.6072547,49925,0.06745373780580449
0.5,0.7,0.2,0.4,0.60737574,49925,0.0636622410410304
0.4,0.8,0.3,0.6,0.60743874,49925,0.06880071301199629
0.6,0.8,0.3,0.7,0.60768163,49925,0.06660870356340504
0.3,0.9,0.3,0.5,0.6076933,49925,0.06910924588414513
0.3,0.6,0.3,0.7,0.60775465,49925,0.07144884765108665
0.2,0.4,0.3,0.8,0.6080333,49925,0.07395208190829888
0.1,0.2,0.2,0.6,0.60822177,49925,0.07453925956963128
0.3,0.7,0.3,0.6,0.6084434,49925,0.07088117467906743
0.2,0.6,0.4,0.9,0.60875404,49925,0.07508666514991451
0.1,0.6,0.4,0.8,0.60875976,49925,0.07674985188163849
0.9,0.5,0.2,0.7,0.6088029,49925,0.06083409530078622
0.6,0.4,0.2,0.7,0.6088188,49925,0.06449315137002652
0.8,0.9,0.3,0.7,0.60881907,49925,0.06419578221223671
0.6,0.3,0.2,0.9,0.6088885,49925,0.06413706213867754
0.4,0.2,0.1,0.4,0.6089138,49925,0.06209335595528336
0.8,0.4,0.2,0.8,0.6089138,49925,0.06209335595528336
0.5,0.9,0.4,0.9,0.6091761,49925,0.06996825046600462
0.2,0.6,0.3,0.6,0.6092534,49925,0.07319320188520907
0.8,0.5,0.1,0.2,0.6092751,49925,0.053123941457145725
0.8,0.7,0.1,0.1,0.609288,49925,0.05085434245913238
0.8,0.8,0.2,0.4,0.60933346,49925,0.059746057811746085
0.4,0.4,0.1,0.2,0.60933346,49925,0.059746057811746085
0.1,0.9,0.4,0.6,0.60941905,49925,0.07470248485961133
0.1,0.3,0.3,0.8,0.6095235,49925,0.07615106349203145
0.5,0.1,0.1,0.9,0.6096017,49925,0.057300581600593314
0.1,0.1,0.2,0.9,0.60982156,49925,0.07071432771303177
0.5,0.3,0.1,0.3,0.6099281,49925,0.059488223034038536
0.6,0.2,0.1,0.5,0.61006874,49925,0.05847032726913024
0.4,0.6,0.1,0.1,0.6102643,49925,0.05632226302926188
0.3,0.7,0.4,0.9,0.61037064,49925,0.07330408141413816
0.9,0.8,0.3,0.8,0.6104019,49925,0.06391258791451453
0.1,0.8,0.2,0.2,0.61050934,49925,0.06767817156150922
0.2,0.7,0.4,0.8,0.6105351,49925,0.07475677186868872
0.6,0.9,0.2,0.3,0.61076653,49925,0.060588686810629164
0.9,0.3,0.1,0.4,0.61083007,49925,0.054312260491527126
0.3,0.4,0.3,0.9,0.6109153,49925,0.07200956106482426
0.4,0.8,0.4,0.9,0.61133987,49925,0.07159288474892281
0.9,0.7,0.3,0.9,0.611341,49925,0.06431201595738567
0.2,0.1,0.1,0.5,0.6114058,49925,0.06597634408932854
0.4,0.9,0.4,0.8,0.61159205,49925,0.07114207867004023
0.4,0.8,0.2,0.3,0.6116121,49925,0.06375289846246883
0.9,0.7,0.1,0.1,0.6116749,49925,0.04997242085041788
0.1,0.6,0.3,0.5,0.6117174,49925,0.07509454978273394
0.2,0.9,0.2,0.2,0.6118681,49925,0.06487184664456147
0.2,0.3,0.1,0.2,0.61202013,49925,0.06602731365481455
0.6,0.9,0.3,0.6,0.61202013,49925,0.06602731365481455
0.4,0.6,0.2,0.4,0.61202013,49925,0.06602731365481455
0.5,0.3,0.2,0.8,0.6122008,49925,0.06580876251274023
0.7,0.7,0.3,0.8,0.612393,49925,0.06619114426775533
0.5,0.6,0.3,0.8,0.6123972,49925,0.06880704327944927
0.7,0.6,0.2,0.5,0.61240923,49925,0.06231886280824749
0.8,0.2,0.1,0.6,0.61262405,49925,0.05573022576417862
0.1,0.5,0.2,0.3,0.6127259,49925,0.07270186725227033
0.5,0.7,0.3,0.7,0.6127668,49925,0.0683525183975608
0.6,0.7,0.2,0.4,0.61278397,49925,0.06252946384494723
0.9,0.9,0.3,0.7,0.6128602,49925,0.06344321745595045
0.1,0.8,0.3,0.4,0.6128801,49925,0.07284856641328784
0.1,0.8,0.5,0.9,0.6128986,49925,0.07705260485986203
0.9,0.8,0.2,0.4,0.61290395,49925,0.05888245497057859
0.7,0.5,0.2,0.6,0.61315703,49925,0.06294227661089052
0.5,0.5,0.3,0.9,0.61319256,49925,0.06912488214469768
0.3,0.8,0.4,0.8,0.6131933,49925,0.07288499529221759
0.7,0.8,0.3,0.7,0.61345243,49925,0.0657172045139777
0.1,0.7,0.4,0.7,0.6136284,49925,0.07632488424229476
0.7,0.6,0.3,0.9,0.61367375,49925,0.0665567112467081
0.2,0.7,0.3,0.5,0.61387044,49925,0.0724921975013661
0.4,0.9,0.3,0.5,0.6139498,49925,0.06806541127381632
0.3,0.8,0.3,0.5,0.6141548,49925,0.07015358714651727
0.3,0.1,0.1,0.6,0.61418575,49925,0.06269477451496275
0.2,0.6,0.2,0.3,0.61451364,49925,0.06919120164337787
0.2,0.5,0.1,0.1,0.61452675,49925,0.06144527508140454
0.5,0.8,0.3,0.6,0.61455923,49925,0.06777752839933193
0.2,0.9,0.3,0.4,0.614567,49925,0.07041252230289563
0.3,0.4,0.2,0.5,0.6146163,49925,0.06954016661435149
0.9,0.5,0.1,0.2,0.6146686,49925,0.052070846512687716
0.3,0.7,0.2,0.3,0.614673,49925,0.06625830910225461
0.2,0.8,0.4,0.7,0.61490834,49925,0.07426160273432476
0.4,0.3,0.2,0.7,0.61496854,49925,0.06774713178098633
0.7,0.9,0.2,0.3,0.6149879,49925,0.05964509418063183
0.3,0.9,0.4,0.7,0.61517435,49925,0.07237325538589034
0.5,0.5,0.2,0.5,0.6152715,49925,0.06554258661113546
0.5,0.6,0.1,0.1,0.6153925,49925,0.054968852051480506
0.2,0.9,0.5,0.9,0.61583084,49925,0.07536183571891245
0.6,0.9,0.4,0.9,0.61615384,49925,0.06915962710248419
0.5,0.4,0.1,0.2,0.6164577,49925,0.058055311750640916
0.1,0.9,0.5,0.8,0.61667657,49925,0.0766230222066852
0.9,0.4,0.2,0.8,0.61692375,49925,0.06118954019432482
0.3,0.5,0.2,0.4,0.6172965,49925,0.0687456143431655
0.5,0.8,0.2,0.3,0.61732334,49925,0.062602036233725
0.5,0.4,0.2,0.6,0.61736625,49925,0.0661400108435168
0.4,0.6,0.3,0.7,0.61740595,49925,0.07031288167117677
0.1,0.8,0.4,0.6,0.61777437,49925,0.07572050809011753
0.3,0.9,0.2,0.2,0.6177917,49925,0.06366354337170715
0.4,0.5,0.3,0.8,0.6179148,49925,0.0707201785095283
0.8,0.6,0.2,0.5,0.61792916,49925,0.06129345126924876
0.7,0.9,0.3,0.6,0.6179359,49925,0.06514123685584981
0.4,0.7,0.3,0.6,0.6179407,49925,0.06972559145467588
0.1,0.4,0.1,0.1,0.6180017,49925,0.06628254078780334
0.2,0.8,0.2,0.2,0.6180017,49925,0.06628254078780334
0.2,0.2,0.2,0.7,0.6181306,49925,0.07154622904905507
0.7,0.7,0.2,0.4,0.6181498,49925,0.061479340599361866
0.8,0.7,0.3,0.8,0.6181735,49925,0.06532882853020301
0.8,0.9,0.2,0.3,0.6182155,49925,0.058744314656684546
0.1,0.7,0.2,0.2,0.6182911,49925,0.06936303860726627
0.3,0.3,0.2,0.6,0.6183139,49925,0.06999879360757491
0.8,0.8,0.3,0.7,0.6183621,49925,0.06486889061749354
0.9,0.2,0.1,0.6,0.61836755,49925,0.054678742836789335
0.7,0.4,0.2,0.7,0.61839986,49925,0.06341054644766266
0.5,0.9,0.4,0.8,0.61849993,49925,0.070252872290573
0.4,0.1,0.1,0.7,0.6185591,49925,0.06019188813151811
0.2,0.3,0.3,0.9,0.61856836,49925,0.0739339476147311
0.5,0.8,0.4,0.9,0.61868083,49925,0.0707040991942422
0.7,0.3,0.2,0.9,0.6189223,49925,0.06315847389055737
0.6,0.3,0.1,0.3,0.6189975,49925,0.05790330632382458
0.4,0.7,0.4,0.9,0.6191904,49925,0.07235498831370075
0.2,0.3,0.2,0.5,0.6194168,49925,0.07261854744427494
0.3,0.5,0.3,0.7,0.6194492,49925,0.07245467884502389
0.8,0.6,0.3,0.9,0.6197191,49925,0.0657143811636192
0.8,0.5,0.2,0.6,0.62001324,49925,0.06192013706568367
0.6,0.6,0.3,0.8,0.6201048,49925,0.067826889243652
0.6,0.7,0.3,0.7,0.6201511,49925,0.06736564683496676
0.6,0.6,0.1,0.1,0.6202136,49925,0.05370844884386516
0.5,0.6,0.2,0.4,0.62046576,49925,0.06471460752315585
0.2,0.9,0.4,0.6,0.6208198,49925,0.07363374203952609
0.1,0.7,0.5,0.9,0.62082195,49925,0.0778626579300291
0.5,0.9,0.3,0.5,0.6208757,49925,0.06706235875269584
0.2,0.5,0.3,0.6,0.62094057,49925,0.07436587621256438
0.3,0.6,0.4,0.9,0.6209864,49925,0.07409543948792315
0.9,0.9,0.2,0.3,0.6210383,49925,0.05791021604475721
0.4,0.7,0.2,0.3,0.62111723,49925,0.06492947946552405
0.3,0.7,0.4,0.8,0.6211796,49925,0.07373583929390824
0.5,0.1,0.1,0.8,0.6212448,49925,0.05814187963281666
0.2,0.6,0.4,0.8,0.62138075,49925,0.07565553593982217
0.1,0.3,0.2,0.4,0.62138075,49925,0.07565553593982217
0.2,0.5,0.4,0.9,0.6214845,49925,0.07591559499639178
0.1,0.4,0.3,0.6,0.62149674,49925,0.07700370445030622
0.1,0.5,0.4,0.8,0.6215737,49925,0.07769239677575913
0.6,0.8,0.3,0.6,0.62159085,49925,0.06681577116361137
0.7,0.2,0.1,0.5,0.6217494,49925,0.05716142874225756
0.3,0.9,0.3,0.4,0.6218828,49925,0.06926360437683143
0.2,0.4,0.2,0.4,0.6220058,49925,0.07192403701610976
0.3,0.6,0.3,0.6,0.6220058,49925,0.07192403701610978
0.4,0.8,0.4,0.8,0.6220058,49925,0.07192403701610976
0.1,0.2,0.1,0.2,0.6220058,49925,0.07192403701610976
0.6,0.8,0.2,0.3,0.6220352,49925,0.061507808918127425
0.1,0.7,0.3,0.4,0.6220673,49925,0.07420442739016
0.7,0.9,0.4,0.9,0.6221611,49925,0.0683815475919879
0.1,0.6,0.4,0.7,0.6222535,49925,0.07733490037076332
0.2,0.4,0.3,0.7,0.6222926,49925,0.07475815823689665
0.1,0.4,0.4,0.9,0.62252927,49925,0.07781223759370515
0.5,0.2,0.1,0.4,0.62256646,49925,0.060336092339161096
0.8,0.9,0.3,0.6,0.62268406,49925,0.06430253641923468
0.8,0.7,0.2,0.4,0.62268806,49925,0.06048628264156173
0.2,0.8,0.3,0.4,0.6227187,49925,0.07156945858266164
0.2,0.8,0.5,0.9,0.6227217,49925,0.07615113322381231
0.3,0.2,0.2,0.8,0.62278336,49925,0.06899265683993909
0.6,0.3,0.2,0.8,0.622929,49925,0.06471317142878148
0.6,0.5,0.2,0.5,0.62294644,49925,0.0643051920521438
0.4,0.9,0.2,0.2,0.62298757,49925,0.06251138662568893
0.3,0.4,0.3,0.8,0.62298906,49925,0.07272785673850093
0.9,0.7,0.3,0.8,0.6229998,49925,0.06451436241749325
0.9,0.8,0.3,0.7,0.62302285,49925,0.06405124096327611
0.4,0.8,0.3,0.5,0.62309986,49925,0.06903512522337947
0.1,0.9,0.3,0.3,0.6233615,49925,0.07172836668622087
0.3,0.5,0.1,0.1,0.62350726,49925,0.05948038618396142
0.9,0.6,0.2,0.5,0.6237633,49925,0.06034408921486324
0.6,0.5,0.3,0.9,0.6238784,49925,0.06815301190546263
0.6,0.4,0.1,0.2,0.624108,49925,0.05650364579761309
0.7,0.6,0.1,0.1,0.6241509,49925,0.052567674234683386
0.4,0.4,0.3,0.9,0.6241678,49925,0.07089476100783416
0.1,0.3,0.3,0.7,0.62422156,49925,0.07719230702909387
0.3,0.8,0.4,0.7,0.62424916,49925,0.07321426840532089
0.1,0.5,0.3,0.5,0.62428474,49925,0.07644295258785548
0.3,0.7,0.3,0.5,0.6242981,49925,0.07119962684481937
0.4,0.9,0.4,0.7,0.62434626,49925,0.07139062585496515
0.4,0.2,0.2,0.9,0.62440556,49925,0.06683133393321282
0.1,0.8,0.5,0.8,0.62469244,49925,0.07748519112301214
0.3,0.9,0.5,0.9,0.62469786,49925,0.07450778851104792
0.6,0.1,0.1,0.9,0.625006,49925,0.0563235132872158
0.2,0.7,0.4,0.7,0.62503827,49925,0.075207015256982
0.3,0.6,0.2,0.3,0.6251451,49925,0.06760339804477739
0.9,0.5,0.2,0.6,0.62524354,49925,0.060933508994297884
0.8,0.4,0.2,0.7,0.6256466,49925,0.06238900809246357
0.6,0.8,0.4,0.9,0.62571925,49925,0.06984456871482114
0.3,0.3,0.1,0.2,0.6259398,49925,0.06349371826903782
0.9,0.9,0.3,0.6,0.6259398,49925,0.06349371826903781
0.6,0.6,0.2,0.4,0.6259398,49925,0.06349371826903782
0.5,0.6,0.3,0.7,0.62608296,49925,0.06920832850608849
0.3,0.8,0.2,0.2,0.6261223,49925,0.0648991808744527
0.7,0.8,0.2,0.3,0.62618333,49925,0.060482827198124665
0.4,0.4,0.2,0.5,0.6262307,49925,0.06800953628954236
0.1,0.2,0.3,0.9,0.62623614,49925,0.0758275944050861
0.1,0.1,0.2,0.8,0.62629724,49925,0.07220514287334838
0.6,0.4,0.2,0.6,0.6263587,49925,0.06488700635388307
0.9,0.6,0.3,0.9,0.6263587,49925,0.06488700635388306
0.3,0.2,0.1,0.3,0.6263587,49925,0.06488700635388307
0.6,0.9,0.4,0.8,0.6263669,49925,0.06940482818588314
0.2,0.6,0.3,0.5,0.62645435,49925,0.07367390243188562
0.1,0.9,0.4,0.5,0.6265891,49925,0.07501178828623276
0.1,0.2,0.2,0.5,0.62659204,49925,0.07597964842399677
0.5,0.5,0.3,0.8,0.62670135,49925,0.06961021193954162
0.2,0.7,0.2,0.2,0.6267524,49925,0.06771314218023465
0.9,0.7,0.2,0.4,0.62679636,49925,0.05956183145163697
0.7,0.7,0.3,0.7,0.62682366,49925,0.06642960487251423
0.7,0.3,0.1,0.3,0.62700224,49925,0.05645826594950322
0.7,0.6,0.3,0.8,0.6270292,49925,0.0668895958870237
0.6,0.9,0.3,0.5,0.62705207,49925,0.06611144613080709
0.8,0.9,0.4,0.9,0.62742245,49925,0.06762942159902947
0.5,0.7,0.3,0.6,0.6274333,49925,0.06865317776989145
0.4,0.5,0.2,0.4,0.62749434,49925,0.06722251604550337
0.2,0.9,0.5,0.8,0.6275588,49925,0.07570876448592906
0.2,0.5,0.2,0.3,0.6275877,49925,0.07079329052391169
0.1,0.6,0.2,0.2,0.6276233,49925,0.07111464982696775
0.1,0.9,0.2,0.1,0.6276761,49925,0.0659918384504552
0.1,0.7,0.4,0.6,0.62785476,49925,0.076780623367416
0.8,0.6,0.1,0.1,0.6278643,49925,0.05153034877461621
0.7,0.8,0.3,0.6,0.62790054,49925,0.06589101244823657
0.8,0.3,0.2,0.9,0.62798345,49925,0.06222622173108252
0.5,0.3,0.2,0.7,0.6281065,49925,0.06645826705548899
0.5,0.7,0.4,0.9,0.6281436,49925,0.07142048519591652
0.5,0.9,0.2,0.2,0.62857646,49925,0.06139870965714753
0.5,0.7,0.2,0.3,0.62874174,49925,0.06365168696419453
0.7,0.4,0.1,0.2,0.62910956,49925,0.05510477848203945
0.5,0.8,0.4,0.8,0.62931216,49925,0.07100242326084992
0.3,0.8,0.3,0.4,0.6295011,49925,0.07032081723722147
0.2,0.3,0.3,0.8,0.6296089,49925,0.07483858497019653
0.2,0.8,0.4,0.6,0.62968564,49925,0.07458747985368228
0.1,0.4,0.2,0.3,0.62968564,49925,0.07458747985368228
0.3,0.9,0.4,0.6,0.6297855,49925,0.07262006636677357
0.4,0.9,0.3,0.4,0.62992173,49925,0.06814836087563782
0.4,0.5,0.1,0.1,0.63001156,49925,0.05771894732224818
0.1,0.9,0.5,0.7,0.6301381,49925,0.07695248847595665
0.9,0.6,0.1,0.1,0.63040745,49925,0.05054262622167485
0.8,0.8,0.2,0.3,0.6304413,49925,0.0595151962458344
0.4,0.7,0.4,0.8,0.63048244,49925,0.07273310737090014
0.4,0.9,0.5,0.9,0.6307895,49925,0.07365682466474946
0.5,0.8,0.3,0.5,0.63101774,49925,0.06796511775349996
0.1,0.6,0.5,0.9,0.63124,49925,0.0786539119625203
0.7,0.8,0.4,0.9,0.63124263,49925,0.06902686845166445
0.4,0.5,0.3,0.7,0.6312869,49925,0.07122648866171251
0.7,0.5,0.2,0.5,0.63153994,49925,0.06311615136241762
0.8,0.2,0.1,0.5,0.63162136,49925,0.055942464879372523
0.5,0.9,0.4,0.7,0.6316945,49925,0.07047520324938909
0.3,0.8,0.5,0.9,0.63177735,49925,0.075238962594629
0.7,0.5,0.3,0.9,0.6318968,49925,0.06721618318930511
0.9,0.4,0.2,0.7,0.63190824,49925,0.06140766006553987
0.2,0.9,0.3,0.3,0.63192743,49925,0.0704889051597345
0.1,0.8,0.3,0.3,0.63194185,49925,0.07302779938343788
0.7,0.9,0.3,0.5,0.63198817,49925,0.06519318033945078
0.4,0.6,0.3,0.6,0.63201225,49925,0.0706928996290665
0.7,0.3,0.2,0.8,0.632082,49925,0.06365012841143872
0.3,0.6,0.4,0.8,0.6322691,49925,0.07458237411743017
0.9,0.9,0.4,0.9,0.6322768,49925,0.06690930849695918
0.2,0.7,0.5,0.9,0.6323739,49925,0.07690134095897717
0.8,0.7,0.3,0.7,0.6326677,49925,0.06554011267223349
0.2,0.7,0.3,0.4,0.6327614,49925,0.07279293337298533
0.2,0.4,0.1,0.1,0.6328426,49925,0.06362217406816595
0.4,0.8,0.2,0.2,0.6328426,49925,0.06362217406816595
0.8,0.6,0.3,0.8,0.6328794,49925,0.06597282431944694
0.7,0.9,0.4,0.8,0.633004,49925,0.06859482956442334
0.4,0.6,0.4,0.9,0.63304144,49925,0.07309132378582137
0.4,0.8,0.4,0.7,0.6330967,49925,0.07220333409478324
0.2,0.9,0.2,0.1,0.6333786,49925,0.06467982151251686
0.7,0.6,0.2,0.4,0.6334516,49925,0.062337669577822455
0.6,0.6,0.3,0.7,0.6334534,49925,0.06815725691215102
0.4,0.6,0.2,0.3,0.6334677,49925,0.06611748176417598
0.4,0.3,0.2,0.6,0.6335217,49925,0.06848879176059892
0.6,0.9,0.2,0.2,0.63355035,49925,0.060348026041650536
0.1,0.6,0.3,0.4,0.63389826,49925,0.07556820583779872
0.8,0.8,0.3,0.6,0.633998,49925,0.06499520187677044
0.1,0.7,0.5,0.8,0.6340487,49925,0.07831809090626793
0.4,0.7,0.3,0.5,0.6342188,49925,0.07000181262220581
0.3,0.5,0.3,0.6,0.6342928,49925,0.07300194800536158
0.3,0.7,0.4,0.7,0.6343363,49925,0.07411939539638718
0.2,0.8,0.5,0.8,0.63441384,49925,0.07652096124602108
0.8,0.4,0.1,0.2,0.63456225,49925,0.053841584582412956
0.9,0.8,0.2,0.3,0.63468814,49925,0.05861511134273795
0.6,0.2,0.1,0.4,0.634795,49925,0.05874411960989303
0.6,0.7,0.2,0.3,0.634812,49925,0.0624589457547439
0.2,0.5,0.4,0.8,0.63490856,49925,0.0765398824475053
0.2,0.6,0.4,0.7,0.6349919,49925,0.07616149191966452
0.3,0.5,0.4,0.9,0.63515824,49925,0.07486335055599726
0.1,0.5,0.4,0.7,0.6352465,49925,0.07833086218216549
0.6,0.7,0.3,0.6,0.635346,49925,0.06760970205541453
0.5,0.9,0.3,0.4,0.635449,49925,0.06709867314607487
0.3,0.7,0.2,0.2,0.63544995,49925,0.06621454815077259
0.1,0.9,0.6,0.9,0.63557047,49925,0.07828122571218239
0.3,0.9,0.5,0.8,0.6357015,49925,0.07478116612447872
0.7,0.4,0.2,0.6,0.6359337,49925,0.06372389168160951
0.1,0.8,0.2,0.1,0.63596326,49925,0.0675256500353137
0.2,0.9,0.4,0.5,0.6361081,49925,0.0738934277910875
0.1,0.8,0.4,0.5,0.6361246,49925,0.07605358661862766
0.4,0.9,0.4,0.6,0.63627154,49925,0.07159800428469763
0.6,0.7,0.4,0.9,0.636349,49925,0.07052164914173167
0.8,0.3,0.1,0.3,0.6364374,49925,0.05513062871067639
0.5,0.4,0.3,0.9,0.63652873,49925,0.06983315014163097
0.8,0.9,0.3,0.5,0.63657403,49925,0.06431384327028095
0.4,0.4,0.3,0.8,0.6366181,49925,0.0715384641951932
0.2,0.2,0.2,0.6,0.6366239,49925,0.0727406422107622
0.3,0.3,0.3,0.9,0.6366239,49925,0.07274064221076221
0.1,0.1,0.1,0.3,0.6366239,49925,0.0727406422107622
0.3,0.4,0.2,0.4,0.63688153,49925,0.07010615744372103
0.6,0.8,0.4,0.8,0.63688153,49925,0.07010615744372103
0.5,0.5,0.1,0.1,0.6369691,49925,0.056124298684921636
0.9,0.3,0.2,0.9,0.6370496,49925,0.06132780397696698
0.6,0.5,0.3,0.8,0.6371006,49925,0.06856721428368666
0.5,0.4,0.2,0.5,0.6371895,49925,0.06657877672963826
0.6,0.1,0.1,0.8,0.63719976,49925,0.057049166269513944
0.7,0.1,0.1,0.9,0.6372376,49925,0.05539902286314606
0.5,0.5,0.2,0.4,0.63741267,49925,0.06578667055283742
0.1,0.4,0.4,0.8,0.6375617,49925,0.07855415584313945
0.6,0.8,0.3,0.5,0.6377413,49925,0.06692016900322131
0.9,0.7,0.3,0.7,0.6378101,49925,0.0646658864293956
0.1,0.8,0.5,0.7,0.63794625,49925,0.07786064239032284
0.8,0.8,0.4,0.9,0.6380453,49925,0.06823397497028048
0.3,0.4,0.3,0.7,0.6381786,49925,0.07340435442979854
0.3,0.6,0.3,0.5,0.6381992,49925,0.07227715871372649
0.4,0.8,0.3,0.4,0.63851327,49925,0.0691263619327868
0.5,0.1,0.1,0.7,0.63851696,49925,0.05892494685071805
0.2,0.4,0.3,0.6,0.63857174,49925,0.07549415551870252
0.5,0.9,0.5,0.9,0.63862723,49925,0.07282484795675088
0.6,0.9,0.4,0.7,0.6386939,49925,0.06960087161153763
0.3,0.1,0.1,0.5,0.63872373,49925,0.06395420976502508
0.7,0.9,0.2,0.2,0.6387891,49925,0.05936198571206804
0.8,0.9,0.4,0.8,0.6388237,49925,0.0678065042136589
0.4,0.1,0.1,0.6,0.6388258,49925,0.061114315726645246
0.8,0.5,0.2,0.5,0.63900906,49925,0.06200846619330553
0.3,0.9,0.3,0.3,0.63911843,49925,0.06925868753129918
0.2,0.6,0.2,0.2,0.63911843,49925,0.0692586875312992
0.1,0.3,0.1,0.1,0.63911843,49925,0.0692586875312992
0.3,0.8,0.4,0.6,0.63917315,49925,0.07350099815104104
0.2,0.7,0.4,0.6,0.63919663,49925,0.07558178099430551
0.8,0.6,0.2,0.4,0.63921946,49925,0.061248790058286776
0.4,0.3,0.1,0.2,0.63921946,49925,0.061248790058286776
0.8,0.5,0.3,0.9,0.63940364,49925,0.0663111379522624
0.9,0.8,0.3,0.6,0.6394684,49925,0.06412737550097161
0.2,0.5,0.3,0.5,0.6395984,49925,0.07490309419272316
0.2,0.4,0.4,0.9,0.63962156,49925,0.07667606854397556
0.9,0.6,0.3,0.8,0.63969845,49925,0.06512741426022121
0.3,0.5,0.2,0.3,0.63971955,49925,0.06902031779450099
0.3,0.3,0.2,0.5,0.6397801,49925,0.07082590092723666
0.1,0.6,0.4,0.6,0.63979703,49925,0.07784236373349966
0.9,0.2,0.1,0.5,0.6398009,49925,0.054804265496222776
0.5,0.8,0.2,0.2,0.63989955,49925,0.06238835506215326
0.5,0.2,0.2,0.9,0.6399611,49925,0.06570269106306185
0.6,0.3,0.2,0.7,0.6399994,49925,0.06524051874474161
0.3,0.9,0.2,0.1,0.64002055,49925,0.06340129073579633
0.5,0.7,0.4,0.8,0.6400247,49925,0.07174152982906651
0.1,0.2,0.3,0.8,0.6401452,49925,0.07693150403919845
0.3,0.2,0.2,0.7,0.6404513,49925,0.07003054359600212
0.7,0.7,0.2,0.3,0.64046574,49925,0.06133554068988154
0.1,0.4,0.3,0.5,0.6405265,49925,0.0777799268541834
0.4,0.8,0.5,0.9,0.64055854,49925,0.07433942831161071
0.5,0.8,0.4,0.7,0.6406223,49925,0.07121707863289574
0.2,0.9,0.5,0.7,0.64065874,49925,0.07599131084049532
0.9,0.4,0.1,0.2,0.6407497,49925,0.052655971055618665
0.7,0.7,0.3,0.6,0.6407529,49925,0.06661800603872262
0.4,0.2,0.2,0.8,0.6407597,49925,0.0676998422582648
0.2,0.1,0.1,0.4,0.6407597,49925,0.0676998422582648
0.5,0.6,0.3,0.6,0.6414107,49925,0.069527716536502
0.8,0.3,0.2,0.8,0.6415523,49925,0.06263303315366726
0.9,0.9,0.3,0.5,0.6417799,49925,0.06347125669201906
0.6,0.9,0.3,0.4,0.64181465,49925,0.06610891158720836
0.7,0.6,0.3,0.7,0.64185643,49925,0.06717015953864072
0.6,0.5,0.1,0.1,0.64212185,49925,0.0547052921164491
0.5,0.6,0.4,0.9,0.6421716,49925,0.07211391214581495
0.2,0.8,0.3,0.3,0.64219713,49925,0.07167819014101878
0.5,0.6,0.2,0.3,0.6422604,49925,0.06473338821489975
0.5,0.5,0.3,0.7,0.64240533,49925,0.07004553733333127
0.3,0.7,0.5,0.9,0.6424392,49925,0.07597459202329508
0.2,0.3,0.2,0.4,0.64272445,49925,0.07352067986888979
0.4,0.6,0.4,0.8,0.64272445,49925,0.07352067986888979
0.1,0.5,0.2,0.2,0.6428548,49925,0.0729813130070366
0.4,0.9,0.5,0.8,0.6428833,49925,0.07387928535231332
0.4,0.7,0.4,0.7,0.6429769,49925,0.07302961176817468
0.5,0.7,0.3,0.5,0.64299846,49925,0.0688531796239615
0.8,0.9,0.2,0.2,0.64303035,49925,0.05842502819221554
0.3,0.7,0.3,0.4,0.64305943,49925,0.07142646025627686
0.9,0.3,0.1,0.3,0.64306736,49925,0.053922217275444065
0.9,0.9,0.4,0.8,0.6431896,49925,0.06705091885802633
0.7,0.8,0.4,0.8,0.64325285,49925,0.06924621857312434
0.1,0.8,0.6,0.9,0.6433171,49925,0.0790088292309048
0.4,0.2,0.1,0.3,0.6434189,49925,0.0626036854485183
0.8,0.4,0.2,0.6,0.6434189,49925,0.0626036854485183
0.1,0.3,0.3,0.6,0.6434805,49925,0.07814325755442197
0.9,0.8,0.4,0.9,0.64366126,49925,0.06746732895666657
0.7,0.7,0.4,0.9,0.6436921,49925,0.06965643055635094
0.7,0.8,0.3,0.5,0.6437184,49925,0.06595403204680379
0.3,0.8,0.5,0.8,0.64379025,49925,0.07555178377374532
0.4,0.7,0.2,0.2,0.64387083,49925,0.06480745522194427
0.1,0.7,0.3,0.3,0.64392966,49925,0.0743971455312982
0.3,0.9,0.4,0.5,0.643952,49925,0.07278304493469999
0.2,0.9,0.6,0.9,0.6440728,49925,0.0774139144428259
0.5,0.9,0.4,0.6,0.6441421,49925,0.07062843171022326
0.6,0.9,0.5,0.9,0.6441724,49925,0.07199750854667707
0.1,0.1,0.2,0.7,0.64435416,49925,0.07379334287683162
0.2,0.6,0.5,0.9,0.6443803,49925,0.07765139015532918
0.9,0.6,0.2,0.4,0.6444651,49925,0.06023587814549941
0.9,0.5,0.2,0.5,0.6444863,49925,0.06098994177517192
0.1,0.9,0.4,0.4,0.6445101,49925,0.07514102658623265
0.2,0.3,0.3,0.7,0.64451844,49925,0.07570855865038685
0.7,0.9,0.4,0.7,0.6446618,49925,0.06876372237500843
0.2,0.8,0.2,0.1,0.6448808,49925,0.06604454236575441
0.6,0.5,0.2,0.4,0.6452182,49925,0.06444088695812217
0.2,0.7,0.5,0.8,0.6455659,49925,0.07730143801574922
0.3,0.6,0.4,0.7,0.6457722,49925,0.07498979854917211
0.8,0.7,0.2,0.3,0.64577574,49925,0.060295634267546847
0.8,0.1,0.1,0.9,0.6460905,49925,0.05448746846031964
0.1,0.3,0.4,0.9,0.64612687,49925,0.07850365374680311
0.5,0.8,0.3,0.4,0.64613223,49925,0.06799406544416924
0.2,0.1,0.2,0.9,0.64615166,49925,0.06956895780794317
0.3,0.4,0.1,0.1,0.64617145,49925,0.061259580256334975
0.6,0.8,0.2,0.2,0.64617145,49925,0.061259580256334975
0.1,0.9,0.5,0.6,0.64620364,49925,0.07725449982230255
0.4,0.5,0.3,0.6,0.64627606,49925,0.07166356257881304
0.4,0.9,0.2,0.1,0.6464586,49925,0.062227269207274775
0.1,0.6,0.5,0.8,0.6464722,49925,0.07913979140516184
0.1,0.7,0.4,0.5,0.6465313,49925,0.07714120587618326
0.1,0.5,0.5,0.9,0.6465958,49925,0.07941043849713272
0.9,0.5,0.3,0.9,0.6466758,49925,0.06544135880766805
0.6,0.7,0.4,0.8,0.6466771,49925,0.07079837071126277
0.2,0.6,0.3,0.4,0.646755,49925,0.07403652736221913
0.6,0.4,0.2,0.5,0.64677334,49925,0.06521782792318502
0.7,0.5,0.3,0.8,0.6468227,49925,0.06758832155840547
0.9,0.9,0.2,0.2,0.6468579,49925,0.057550793660969886
0.7,0.2,0.1,0.4,0.6469612,49925,0.057265325169968934
0.2,0.8,0.4,0.5,0.6470837,49925,0.0748723551807452
0.4,0.9,0.3,0.3,0.6471612,49925,0.06810332869608093
0.8,0.6,0.3,0.7,0.64740473,49925,0.06621262200029045
0.8,0.7,0.3,0.6,0.6474211,49925,0.0656749058871561
0.7,0.5,0.1,0.1,0.64744407,49925,0.053407175855305
0.4,0.6,0.3,0.5,0.64754283,49925,0.07097416001982687
0.1,0.9,0.3,0.2,0.6475519,49925,0.07163896301592507
0.6,0.4,0.3,0.9,0.64767873,49925,0.06881270598014524
0.1,0.5,0.3,0.4,0.6478496,49925,0.0769728300933608
0.5,0.3,0.2,0.6,0.64802754,49925,0.06704718176364342
0.6,0.6,0.3,0.6,0.64803237,49925,0.06840837234642001
0.2,0.2,0.1,0.2,0.64803237,49925,0.06840837234642003
0.8,0.8,0.4,0.8,0.64803237,49925,0.06840837234642003
0.4,0.4,0.2,0.4,0.64803237,49925,0.06840837234642003
0.7,0.9,0.3,0.4,0.6480828,49925,0.06515978345954458
0.2,0.4,0.2,0.3,0.64819515,49925,0.07242042936478627
0.4,0.8,0.4,0.6,0.64819515,49925,0.07242042936478627
0.3,0.5,0.4,0.8,0.6482661,49925,0.07540035786437968
0.3,0.9,0.5,0.7,0.6482885,49925,0.07502704258489114
0.4,0.5,0.4,0.9,0.6484297,49925,0.0737960161672653
0.1,0.9,0.6,0.8,0.6484967,49925,0.07860645120290462
0.1,0.7,0.2,0.1,0.64866805,49925,0.06913186389945739
0.5,0.8,0.5,0.9,0.6488246,49925,0.07346492804578218
0.6,0.8,0.4,0.7,0.6489508,49925,0.07029413712415623
0.3,0.7,0.4,0.6,0.64895475,49925,0.07439588097083959
0.5,0.3,0.1,0.2,0.6491257,49925,0.05927262195372732
0.3,0.3,0.3,0.8,0.64936215,49925,0.07353327465614419
0.2,0.8,0.5,0.7,0.64941615,49925,0.07682095598059183
0.8,0.8,0.3,0.5,0.64944416,49925,0.06501623319995736
0.5,0.4,0.3,0.8,0.64985263,49925,0.07038709278433762
0.6,0.6,0.2,0.3,0.64993286,49925,0.06342638791458227
0.5,0.9,0.5,0.8,0.6499457,49925,0.07300344843456809
0.8,0.7,0.4,0.9,0.65002745,49925,0.06883760471266347
0.9,0.7,0.2,0.3,0.650034,49925,0.0593004862700797
0.7,0.3,0.2,0.7,0.650224,49925,0.06407521377398116
0.9,0.3,0.2,0.8,0.6502735,49925,0.061652422995351425
0.3,0.6,0.2,0.2,0.6503658,49925,0.06755788353409027
0.9,0.4,0.2,0.6,0.65050125,49925,0.06155208167773411
0.2,0.5,0.4,0.7,0.6506187,49925,0.07707117591327924
0.8,0.9,0.4,0.7,0.6506922,49925,0.06792948163895521
0.1,0.7,0.5,0.7,0.65078354,49925,0.0787433398124302
0.3,0.8,0.3,0.3,0.6508179,49925,0.07031462615677465
0.8,0.5,0.1,0.1,0.6508978,49925,0.05219973795429187
0.6,0.7,0.3,0.5,0.6509303,49925,0.06774076792456113
0.7,0.8,0.2,0.2,0.6509367,49925,0.060190322301821864
0.2,0.2,0.3,0.9,0.6509537,49925,0.07462867688418903
0.6,0.6,0.4,0.9,0.6509781,49925,0.07118186577094299
0.6,0.5,0.3,0.7,0.6510406,49925,0.06895916695170257
0.3,0.9,0.6,0.9,0.65133387,49925,0.07656360564149473
0.2,0.6,0.4,0.6,0.65133387,49925,0.07656360564149471
0.1,0.3,0.2,0.3,0.65133387,49925,0.07656360564149471
0.3,0.8,0.2,0.1,0.6514308,49925,0.06461632398621842
0.6,0.9,0.4,0.6,0.6516299,49925,0.06971278949239314
0.4,0.9,0.4,0.5,0.65164685,49925,0.0717254737098239
0.7,0.9,0.5,0.9,0.65171856,49925,0.07120724860202594
0.4,0.5,0.2,0.3,0.65172005,49925,0.06735442108151639
0.4,0.7,0.5,0.9,0.65186375,49925,0.07501813452053932
0.7,0.1,0.1,0.8,0.6518907,49925,0.05600684043606894
0.4,0.3,0.3,0.9,0.65196705,49925,0.07158749720696841
0.5,0.7,0.4,0.7,0.65209234,49925,0.07199164140498562
0.4,0.7,0.3,0.4,0.65221477,49925,0.07012629348903028
0.5,0.7,0.2,0.2,0.65253407,49925,0.06346604769899648
0.5,0.9,0.2,0.1,0.6528423,49925,0.061051828414238195
0.3,0.5,0.3,0.5,0.6529632,49925,0.07339624645957442
0.6,0.8,0.3,0.4,0.65301716,49925,0.06691339791664096
0.4,0.4,0.3,0.7,0.6530175,49925,0.07211708707146233
0.9,0.7,0.3,0.6,0.65305173,49925,0.06474762587493076
0.4,0.8,0.5,0.8,0.65317005,49925,0.07459331976888535
0.8,0.9,0.3,0.4,0.6537071,49925,0.06423975195774959
0.6,0.2,0.2,0.9,0.65371895,49925,0.06459640967700983
0.5,0.6,0.4,0.8,0.6537194,49925,0.07246552575388526
0.2,0.9,0.4,0.4,0.6537405,49925,0.07397030574898363
0.9,0.5,0.1,0.1,0.65400946,49925,0.05111946443075159
0.2,0.8,0.6,0.9,0.65401053,49925,0.0781291904867135
0.9,0.6,0.3,0.7,0.6540158,49925,0.06528434449989975
0.8,0.5,0.3,0.8,0.6540539,49925,0.06661563344064422
0.3,0.4,0.3,0.6,0.6541649,49925,0.0740127384052149
0.7,0.5,0.2,0.4,0.6541765,49925,0.06317922664618877
0.1,0.5,0.4,0.6,0.6542895,49925,0.07890746088127677
0.1,0.4,0.4,0.7,0.65438616,49925,0.07928203910250116
0.5,0.9,0.3,0.3,0.6544809,49925,0.06702767778480646
0.9,0.8,0.4,0.8,0.65461224,49925,0.06761228689790043
0.2,0.4,0.4,0.8,0.6546184,49925,0.07734660975462118
0.1,0.2,0.2,0.4,0.6546184,49925,0.07734660975462118
0.8,0.8,0.2,0.2,0.6546811,49925,0.05919380870919223
0.4,0.4,0.1,0.1,0.6546811,49925,0.05919380870919223
0.3,0.4,0.4,0.9,0.6548544,49925,0.07554642308181041
0.1,0.7,0.6,0.9,0.6549184,49925,0.07971204951845888
0.4,0.3,0.2,0.5,0.6549726,49925,0.06912436501647055
0.1,0.8,0.4,0.4,0.65503013,49925,0.07623179907921367
0.2,0.7,0.3,0.3,0.6550426,49925,0.0728755103443833
0.2,0.9,0.5,0.6,0.6550693,49925,0.07621842162360641
0.9,0.1,0.1,0.9,0.65509385,49925,0.05360587888835548
0.9,0.9,0.4,0.7,0.65515906,49925,0.0671311073043489
0.7,0.7,0.4,0.8,0.65516967,49925,0.06989471889154672
0.2,0.9,0.3,0.2,0.6554061,49925,0.0703561449226731
0.3,0.7,0.5,0.8,0.6555441,49925,0.07629319430273715
0.5,0.8,0.4,0.6,0.6555463,49925,0.07139057787229312
0.5,0.2,0.2,0.8,0.6556632,49925,0.06644869398299744
0.1,0.8,0.5,0.6,0.6557079,49925,0.07817394145894212
0.4,0.9,0.5,0.7,0.6557862,49925,0.07409555381432954
0.8,0.2,0.1,0.4,0.65580535,49925,0.05592666523782871
0.9,0.8,0.3,0.5,0.6558263,49925,0.0640973142970896
0.7,0.4,0.2,0.5,0.65588045,49925,0.06394322469002095
0.3,0.8,0.4,0.5,0.6558978,49925,0.07370623159780906
0.6,0.8,0.5,0.9,0.6560031,49925,0.07261356925131895
0.2,0.2,0.2,0.5,0.65600353,49925,0.07392577115868318
0.3,0.6,0.5,0.9,0.6560438,49925,0.07666247080036592
0.9,0.7,0.4,0.9,0.656154,49925,0.06803934362163097
0.2,0.9,0.6,0.8,0.65625215,49925,0.07767128379800062
0.7,0.4,0.3,0.9,0.656337,49925,0.06782069768381759
0.6,0.9,0.5,0.8,0.6564557,49925,0.0721508960794963
0.7,0.8,0.4,0.7,0.6566143,49925,0.06940141644255622
0.7,0.6,0.3,0.6,0.6566152,49925,0.06735942388224571
0.6,0.1,0.1,0.7,0.656726,49925,0.05771894813961484
0.7,0.6,0.2,0.3,0.65674,49925,0.06221753441236497
0.5,0.5,0.3,0.6,0.6567932,49925,0.07040384544401997
0.7,0.9,0.4,0.6,0.6569697,49925,0.06883046910787347
0.6,0.3,0.1,0.2,0.65723443,49925,0.05749943306919671
0.5,0.2,0.1,0.3,0.6573975,49925,0.06056832803348371
0.4,0.6,0.4,0.7,0.65747344,49925,0.07384460985360655
0.3,0.6,0.3,0.4,0.6577415,49925,0.07253048481542435
0.2,0.7,0.2,0.1,0.65779644,49925,0.0674378041234305
0.5,0.6,0.3,0.5,0.6578807,49925,0.06975309192913373
0.2,0.5,0.2,0.2,0.65795887,49925,0.07088480697636937
0.1,0.8,0.6,0.8,0.6581201,49925,0.07936741729325938
0.4,0.8,0.2,0.1,0.6581736,49925,0.06329586139719115
0.1,0.2,0.3,0.7,0.6582297,49925,0.07802754273749343
0.6,0.9,0.2,0.1,0.658319,49925,0.05997556352522159
0.2,0.7,0.4,0.5,0.6583882,49925,0.07585798698927679
0.7,0.7,0.3,0.5,0.6585407,49925,0.06669208091263228
0.7,0.6,0.4,0.9,0.65865505,49925,0.0702522749965865
0.8,0.9,0.5,0.9,0.6587185,49925,0.07045717367006946
0.1,0.6,0.4,0.5,0.6588069,49925,0.07827685681219365
0.3,0.8,0.5,0.7,0.65884095,49925,0.07578780218369523
0.3,0.2,0.2,0.6,0.6589804,49925,0.07101829615913696
0.1,0.6,0.3,0.3,0.65899456,49925,0.07581943427916597
0.8,0.3,0.2,0.7,0.65923786,49925,0.06295701105711257
0.6,0.3,0.2,0.6,0.6593387,49925,0.06570184473450218
0.9,0.5,0.3,0.8,0.6593766,49925,0.06570579274727485
0.4,0.8,0.3,0.3,0.6593964,49925,0.06906397690649044
0.9,0.9,0.3,0.4,0.65940297,49925,0.06337039131219423
0.7,0.8,0.3,0.4,0.65943164,49925,0.06590694626102606
0.2,0.4,0.3,0.5,0.65949774,49925,0.07609976223057491
0.5,0.1,0.1,0.6,0.6595064,49925,0.059664211913369014
0.4,0.7,0.4,0.6,0.6596754,49925,0.07326719310566958
0.5,0.9,0.4,0.5,0.6597303,49925,0.07071587924040434
0.7,0.5,0.3,0.7,0.659747,49925,0.06789987725588166
0.4,0.2,0.2,0.7,0.65978104,49925,0.06855808426082138
0.9,0.8,0.2,0.2,0.65994,49925,0.05824366391614827
0.8,0.5,0.2,0.4,0.6601792,49925,0.061992715660886856
0.5,0.5,0.4,0.9,0.6601922,49925,0.07278086415790157
0.1,0.8,0.3,0.2,0.66023314,49925,0.07296345557715551
0.6,0.7,0.2,0.2,0.66028184,49925,0.062197012610852795
0.4,0.9,0.6,0.9,0.6602956,49925,0.07571754015498118
0.5,0.4,0.2,0.4,0.66034067,49925,0.06685948285688384
0.2,0.6,0.5,0.8,0.6604738,49925,0.0780705985391128
0.5,0.7,0.3,0.4,0.6605814,49925,0.06889740890083969
0.4,0.5,0.4,0.8,0.66082203,49925,0.07425365340150047
0.6,0.7,0.4,0.7,0.6608933,49925,0.0710018898094664
0.6,0.4,0.3,0.8,0.6610782,49925,0.06926186448741958
0.2,0.1,0.2,0.8,0.6611911,49925,0.070876681355005
0.2,0.5,0.5,0.9,0.66122425,49925,0.07835836765455073
0.5,0.7,0.5,0.9,0.66131103,49925,0.07408726322009555
0.5,0.8,0.5,0.8,0.6615652,49925,0.07367867026250095
0.4,0.6,0.2,0.2,0.6616594,49925,0.06598334125551727
0.6,0.9,0.3,0.3,0.6616594,49925,0.06598334125551727
0.2,0.3,0.1,0.1,0.6616594,49925,0.06598334125551727
0.8,0.7,0.4,0.8,0.66176414,49925,0.06902366099570671
0.3,0.9,0.4,0.4,0.6617661,49925,0.07282082609659327
0.1,0.9,0.6,0.7,0.66182333,49925,0.07886524594982547
0.8,0.8,0.4,0.7,0.66191554,49925,0.06853319480763582
0.1,0.1,0.2,0.6,0.66203535,49925,0.0754354618968793
0.3,0.9,0.3,0.2,0.6620764,49925,0.06909746383300686
0.2,0.7,0.5,0.7,0.6620929,49925,0.07764201633335108
0.5,0.5,0.2,0.3,0.6621614,49925,0.06582051943137034
0.4,0.1,0.1,0.5,0.66222644,49925,0.062089267799966666
0.3,0.3,0.2,0.4,0.6623518,49925,0.07146432821329796
0.6,0.6,0.4,0.8,0.6623518,49925,0.07146432821329796
0.3,0.4,0.2,0.3,0.6624686,49925,0.0704258885898407
0.6,0.8,0.4,0.6,0.6624686,49925,0.0704258885898407
0.2,0.5,0.3,0.4,0.6625963,49925,0.07526527875386511
0.8,0.9,0.4,0.6,0.6629155,49925,0.06797515548750183
0.8,0.7,0.3,0.5,0.66293514,49925,0.06568945947300868
0.8,0.6,0.2,0.3,0.6629681,49925,0.061071607358362014
0.5,0.9,0.5,0.7,0.6631385,49925,0.07317724103075758
0.1,0.9,0.5,0.5,0.6631476,49925,0.07745338921058965
0.8,0.1,0.1,0.8,0.6633551,49925,0.05499207918902298
0.3,0.9,0.5,0.6,0.6633675,49925,0.07519532885501606
0.1,0.5,0.5,0.8,0.6633884,49925,0.07995144641087341
0.1,0.3,0.4,0.8,0.66343576,49925,0.07933907579359613
0.7,0.9,0.5,0.8,0.6635179,49925,0.07132931456579895
0.3,0.8,0.6,0.9,0.66355515,49925,0.07721501624564815
0.7,0.9,0.2,0.1,0.6636505,49925,0.058957093981868915
0.4,0.8,0.4,0.5,0.66369545,49925,0.07256181515559819
0.8,0.6,0.3,0.6,0.66389745,49925,0.06635398617601225
0.7,0.8,0.5,0.9,0.6641028,49925,0.07178124383256457
0.3,0.3,0.3,0.7,0.66418004,49925,0.07426832424149107
0.8,0.4,0.2,0.5,0.66423154,49925,0.06274488644479936
0.5,0.4,0.1,0.1,0.66436446,49925,0.05736228057658881
0.1,0.9,0.7,0.9,0.6644185,49925,0.07981384542663225
0.3,0.6,0.4,0.6,0.66446114,49925,0.07530347138607982
0.3,0.5,0.4,0.7,0.6645406,49925,0.07583001297841567
0.1,0.6,0.5,0.7,0.66454816,49925,0.0796237152587746
0.2,0.3,0.3,0.6,0.66457146,49925,0.07652054409790791
0.4,0.5,0.3,0.5,0.66462994,49925,0.07197197513602194
0.9,0.9,0.5,0.9,0.66464347,49925,0.0697027856108442
0.5,0.4,0.3,0.7,0.665169,49925,0.07086368586022562
0.9,0.2,0.1,0.4,0.66547227,49925,0.05469596673799698
0.6,0.9,0.4,0.5,0.66552633,49925,0.0697359447558086
0.9,0.5,0.2,0.4,0.66559595,49925,0.06091188800977229
0.3,0.7,0.3,0.3,0.6656822,49925,0.07145677762331819
0.4,0.7,0.5,0.8,0.6657134,49925,0.0753007759948598
0.5,0.8,0.2,0.1,0.6657864,49925,0.062054215458884475
0.8,0.4,0.3,0.9,0.6660611,49925,0.06686349286129653
0.2,0.8,0.5,0.6,0.66608596,49925,0.07706145089238055
0.3,0.7,0.2,0.1,0.6661542,49925,0.06588108027792773
0.7,0.2,0.2,0.9,0.6662169,49925,0.0635410395536275
0.2,0.3,0.4,0.9,0.6662721,49925,0.07734907071239354
0.3,0.9,0.6,0.8,0.6662842,49925,0.07677040103783633
0.8,0.6,0.4,0.9,0.66633004,49925,0.0693966639374867
0.6,0.6,0.3,0.5,0.6663328,49925,0.06856718510619414
0.7,0.3,0.1,0.2,0.66640437,49925,0.05592472115341705
0.8,0.8,0.3,0.4,0.66642946,49925,0.06493900939351772
0.1,0.7,0.5,0.6,0.6665927,49925,0.07908970627901615
0.2,0.8,0.4,0.4,0.66664976,49925,0.07498872228675571
0.1,0.4,0.2,0.2,0.66664976,49925,0.07498872228675571
0.7,0.9,0.3,0.3,0.6666907,49925,0.06499720271464046
0.1,0.6,0.2,0.1,0.66670877,49925,0.07085363393190554
0.6,0.5,0.3,0.6,0.66681206,49925,0.06922143358929511
0.2,0.2,0.3,0.8,0.66694695,49925,0.07556944079356344
0.5,0.8,0.3,0.3,0.6669514,49925,0.0679026427846352
0.4,0.3,0.3,0.8,0.6670128,49925,0.07224859860768972
0.7,0.7,0.2,0.2,0.6672556,49925,0.06102343316807192
0.5,0.3,0.3,0.9,0.6673178,49925,0.07046178672206437
0.6,0.7,0.3,0.4,0.6673529,49925,0.06774294544783188
0.1,0.9,0.4,0.3,0.6674306,49925,0.07516351617144802
0.8,0.9,0.2,0.1,0.6674765,49925,0.058000669353387324
0.4,0.8,0.5,0.7,0.6674849,49925,0.0747966520039892
0.5,0.6,0.4,0.7,0.6675403,49925,0.07275392169364407
0.1,0.3,0.3,0.5,0.66759646,49925,0.07903766396485702
0.4,0.6,0.5,0.9,0.6677906,49925,0.07566789962312732
0.9,0.6,0.2,0.3,0.6679338,49925,0.05999479139343041
0.5,0.7,0.4,0.6,0.66800165,49925,0.07215881350952942
0.9,0.8,0.4,0.7,0.66807324,49925,0.0677117314341546
0.5,0.9,0.6,0.9,0.66819733,49925,0.07489899145000728
0.2,0.7,0.6,0.9,0.66820365,49925,0.07878706006999928
0.1,0.4,0.5,0.9,0.66820496,49925,0.08008227280076995
0.2,0.8,0.6,0.8,0.66828626,49925,0.07840559028749616
0.1,0.4,0.3,0.4,0.66828626,49925,0.07840559028749616
0.9,0.3,0.2,0.7,0.66830313,49925,0.06190731955496096
0.4,0.6,0.3,0.4,0.6683304,49925,0.07112037190666912
0.1,0.7,0.4,0.4,0.66842544,49925,0.07742341270119359
0.7,0.7,0.4,0.7,0.66842747,49925,0.07005886765095636
0.6,0.8,0.5,0.8,0.6684692,49925,0.0727788323668792
0.8,0.5,0.3,0.7,0.6684762,49925,0.06687779266073797
0.9,0.7,0.4,0.8,0.66849226,49925,0.06818094499834142
0.4,0.9,0.3,0.2,0.6686963,49925,0.0678997396147377
0.3,0.7,0.4,0.5,0.6687617,49925,0.07462130713659301
0.9,0.9,0.4,0.6,0.6689276,49925,0.067151531320314
0.7,0.8,0.4,0.6,0.6689764,49925,0.06947931081589909
0.2,0.8,0.3,0.2,0.66915154,49925,0.07151922463895093
0.4,0.4,0.3,0.6,0.66924113,49925,0.07259133426414316
0.4,0.4,0.4,0.9,0.66928023,49925,0.07442561697826235
0.6,0.7,0.5,0.9,0.6692803,49925,0.07320039975442441
0.5,0.6,0.2,0.2,0.6696295,49925,0.06452331942107321
0.8,0.9,0.5,0.8,0.6696304,49925,0.07056569810382116
0.8,0.8,0.5,0.9,0.66963506,49925,0.07098340636541739
0.5,0.3,0.2,0.5,0.6696874,49925,0.06755411953722618
0.3,0.1,0.1,0.4,0.6697569,49925,0.06523053980132305
0.6,0.2,0.2,0.8,0.6697569,49925,0.06523053980132305
0.3,0.4,0.4,0.8,0.6697918,49925,0.07613463577514873
0.7,0.1,0.1,0.7,0.6698572,49925,0.05654747834261283
0.6,0.9,0.5,0.7,0.6698799,49925,0.07227933813293043
0.1,0.6,0.6,0.9,0.670033,49925,0.08041791185796837
0.7,0.6,0.4,0.8,0.6700511,49925,0.07050504316383252
0.2,0.5,0.4,0.6,0.6701529,49925,0.07752889747752735
0.9,0.6,0.3,0.6,0.6701654,49925,0.06538947608618934
0.6,0.4,0.2,0.4,0.6701654,49925,0.06538947608618934
0.3,0.2,0.1,0.2,0.6701654,49925,0.06538947608618934
0.1,0.7,0.6,0.8,0.6701863,49925,0.08011515443972812
0.6,0.5,0.4,0.9,0.67022926,49925,0.07179635403348149
0.9,0.7,0.3,0.5,0.67025673,49925,0.06474696458458291
0.6,0.4,0.1,0.1,0.6703617,49925,0.055712635527988115
0.4,0.9,0.4,0.4,0.6704729,49925,0.07173468167539564
0.8,0.7,0.2,0.2,0.67111856,49925,0.059935868195574706
0.6,0.2,0.1,0.3,0.67112076,49925,0.058774208334893545
0.4,0.9,0.5,0.6,0.6711587,49925,0.07421008439222253
0.7,0.3,0.2,0.6,0.67130184,49925,0.0644271386101326
0.7,0.9,0.4,0.5,0.6713302,49925,0.06879428699784323
0.3,0.5,0.2,0.2,0.67136943,49925,0.06893488011492725
0.3,0.7,0.5,0.7,0.6713847,49925,0.07656052231213765
0.9,0.4,0.2,0.5,0.67144203,49925,0.06162705031424297
0.2,0.9,0.6,0.7,0.67161965,49925,0.07793837071156594
0.6,0.5,0.2,0.3,0.6716798,49925,0.0643903842613189
0.5,0.8,0.4,0.5,0.6719021,49925,0.07148796661293313
0.9,0.1,0.1,0.8,0.6719151,49925,0.05403813240264537
0.8,0.9,0.3,0.3,0.67191577,49925,0.06405980850353447
0.4,0.8,0.6,0.9,0.67195493,49925,0.076328719408161
0.9,0.9,0.2,0.1,0.67202,49925,0.057122610203863174
0.2,0.6,0.3,0.3,0.6720828,49925,0.07415300323470343
0.9,0.8,0.3,0.4,0.6721703,49925,0.06400306105129044
0.6,0.8,0.2,0.1,0.67219335,49925,0.06085185870912621
0.2,0.6,0.4,0.5,0.6722577,49925,0.07688894129375409
0.3,0.6,0.5,0.8,0.6723221,49925,0.07700688979315364
0.3,0.2,0.3,0.9,0.67270464,49925,0.073370300233697
0.2,0.9,0.5,0.5,0.6727107,49925,0.0763791302234381
0.7,0.4,0.3,0.8,0.6727837,49925,0.0681984688793508
0.2,0.4,0.4,0.7,0.6728793,49925,0.07793364250016631
0.4,0.9,0.6,0.8,0.67290115,49925,0.07590999225125972
0.1,0.8,0.5,0.5,0.67298424,49925,0.07841370063445653
0.5,0.5,0.4,0.8,0.67302185,49925,0.07317099861960925
0.2,0.9,0.7,0.9,0.6733118,49925,0.07896866831714315
0.8,0.3,0.1,0.2,0.6733711,49925,0.05448847238976821
0.1,0.8,0.6,0.7,0.6734154,49925,0.07967675693005637
0.3,0.1,0.2,0.9,0.6736643,49925,0.0683780368644324
0.3,0.5,0.5,0.9,0.67405355,49925,0.07729690391308275
0.6,0.8,0.3,0.3,0.67421246,49925,0.06677593120554022
0.9,0.6,0.4,0.9,0.6742317,49925,0.06856384934660652
0.9,0.4,0.3,0.9,0.6743881,49925,0.06593211201595409
0.2,0.3,0.2,0.3,0.6747577,49925,0.07410293464390777
0.6,0.9,0.6,0.9,0.6747577,49925,0.07410293464390777
0.4,0.6,0.4,0.6,0.6747577,49925,0.07410293464390777
0.3,0.8,0.4,0.4,0.6747749,49925,0.0737508044816121
0.4,0.7,0.2,0.1,0.6747804,49925,0.06441824990760692
0.9,0.5,0.3,0.7,0.6751862,49925,0.0658892307507112
0.7,0.7,0.3,0.4,0.6752631,49925,0.06665691221664896
0.8,0.8,0.4,0.6,0.67526996,49925,0.06857172847575947
0.4,0.4,0.2,0.3,0.67526996,49925,0.06857172847575947
0.5,0.2,0.2,0.7,0.6752738,49925,0.06716202069502647
0.7,0.6,0.3,0.5,0.67533046,49925,0.06743725916404066
0.3,0.5,0.3,0.4,0.6753702,49925,0.07365085527951695
0.1,0.7,0.3,0.2,0.6753871,49925,0.07436536017878678
0.3,0.8,0.5,0.6,0.675491,49925,0.07598341716662098
0.5,0.8,0.5,0.7,0.6755817,49925,0.07384316714090093
0.1,0.8,0.7,0.9,0.67563397,49925,0.08047045815190638
0.4,0.7,0.3,0.3,0.6756755,49925,0.07007180571940808
0.6,0.7,0.4,0.6,0.6757623,49925,0.07111183929566046
0.7,0.5,0.3,0.6,0.67584205,49925,0.06809209710247273
0.6,0.1,0.1,0.6,0.67587,49925,0.05831746849800955
0.1,0.4,0.4,0.6,0.6758869,49925,0.07993810597327801
0.4,0.5,0.4,0.7,0.6759027,49925,0.07462526984496934
0.9,0.9,0.5,0.8,0.6759429,49925,0.06980565611950204
0.8,0.7,0.4,0.7,0.6759535,49925,0.06914993270410846
0.5,0.7,0.5,0.8,0.6760719,49925,0.07432625013235056
0.7,0.4,0.1,0.1,0.67609036,49925,0.054220596170902996
0.3,0.8,0.3,0.2,0.6762132,49925,0.07014945371117344
0.7,0.8,0.5,0.8,0.67624354,49925,0.07191347660861032
0.6,0.4,0.3,0.7,0.6763347,49925,0.06966550928498087
0.9,0.7,0.2,0.2,0.6764203,49925,0.058915341321330604
0.9,0.8,0.5,0.9,0.67646915,49925,0.07020825851676338
0.3,0.4,0.3,0.5,0.6766438,49925,0.07446320453730486
0.5,0.5,0.3,0.5,0.67701995,49925,0.07064878572863353
0.7,0.9,0.5,0.7,0.6770415,49925,0.07141811135596164
0.2,0.6,0.2,0.1,0.6770607,49925,0.06892306903519252
0.1,0.5,0.4,0.5,0.6770724,49925,0.07940540096384245
0.5,0.9,0.3,0.2,0.67708355,49925,0.06679882384290371
0.2,0.9,0.4,0.3,0.67709064,49925,0.07393332078321642
0.6,0.6,0.2,0.2,0.67709655,49925,0.0631569244608124
0.9,0.9,0.3,0.3,0.67709655,49925,0.0631569244608124
0.3,0.3,0.1,0.1,0.67709655,49925,0.0631569244608124
0.5,0.6,0.3,0.4,0.6771398,49925,0.06979969364480738
0.5,0.9,0.4,0.4,0.6772402,49925,0.07066759165017353
0.6,0.6,0.4,0.7,0.6772506,49925,0.07169694346873304
0.7,0.7,0.5,0.9,0.67725754,49925,0.07233876670856919
0.4,0.7,0.4,0.5,0.6772919,49925,0.0734240692204615
0.1,0.5,0.3,0.3,0.6773152,49925,0.0773433516744485
0.1,0.9,0.3,0.1,0.67731696,49925,0.07138652804786036
0.8,0.2,0.2,0.9,0.6774487,49925,0.06254529991074037
0.1,0.9,0.7,0.8,0.6776315,49925,0.08009290538683392
0.8,0.9,0.4,0.5,0.67764014,49925,0.06792014848845558
0.7,0.8,0.2,0.1,0.67774737,49925,0.059749345677089505
0.3,0.8,0.6,0.8,0.6777511,49925,0.07746353138594557
0.1,0.9,0.6,0.6,0.677862,49925,0.0791245646355306
0.7,0.4,0.2,0.4,0.67804956,49925,0.06401708462123142
0.6,0.8,0.4,0.5,0.6780677,49925,0.07045009649424804
0.3,0.7,0.6,0.9,0.67834926,49925,0.07784888842255587
0.5,0.6,0.5,0.9,0.67844296,49925,0.0746965527652447
0.4,0.3,0.2,0.4,0.6785084,49925,0.06959796737655374
0.8,0.6,0.4,0.8,0.6785084,49925,0.06959796737655374
0.5,0.9,0.5,0.6,0.67878217,49925,0.07326353442548615
0.2,0.5,0.5,0.8,0.67882925,49925,0.0788396036262063
0.2,0.6,0.5,0.7,0.6788551,49925,0.07848868322286548
0.2,0.1,0.2,0.7,0.6788785,49925,0.07221465518775787
0.9,0.3,0.1,0.2,0.6791967,49925,0.05317108355473372
0.2,0.7,0.4,0.4,0.6798707,49925,0.07605028879451564
0.7,0.5,0.4,0.9,0.6799551,49925,0.07084576190073395
0.7,0.2,0.1,0.3,0.68010455,49925,0.057134282134392034
0.7,0.5,0.2,0.3,0.68029225,49925,0.06305841763402888
0.2,0.7,0.5,0.6,0.6804685,49925,0.0779369015297098
0.8,0.4,0.1,0.1,0.6804766,49925,0.05286510255710748
0.7,0.8,0.3,0.3,0.6805719,49925,0.06572788314740816
0.6,0.3,0.3,0.9,0.68068737,49925,0.0693744303104888
0.2,0.1,0.1,0.3,0.68068737,49925,0.0693744303104888
0.4,0.2,0.2,0.6,0.68068737,49925,0.0693744303104888
0.8,0.3,0.2,0.6,0.68072903,49925,0.06321926348980596
0.1,0.8,0.4,0.3,0.6808778,49925,0.07633487265025046
0.3,0.9,0.6,0.7,0.6810348,49925,0.0769769598404405
0.8,0.4,0.3,0.8,0.6812183,49925,0.06717948068165377
0.8,0.6,0.3,0.5,0.6812289,49925,0.06636005134648927
0.5,0.8,0.6,0.9,0.68133163,49925,0.07546097952295
0.3,0.9,0.5,0.5,0.681402,49925,0.07528999851067383
0.6,0.3,0.2,0.5,0.68140316,49925,0.06606482749106765
0.5,0.9,0.6,0.8,0.6814171,49925,0.07503553192197744
0.1,0.1,0.3,0.9,0.6814362,49925,0.07599777419831852
0.5,0.4,0.3,0.6,0.6815648,49925,0.07121793447478267
0.4,0.7,0.5,0.7,0.6815773,49925,0.07551764329658868
0.9,0.8,0.4,0.6,0.6816192,49925,0.06771254353558848
0.5,0.1,0.1,0.5,0.68163,49925,0.06035213614729585
0.3,0.2,0.2,0.5,0.6817671,49925,0.07194041388472835
0.7,0.9,0.6,0.9,0.6817819,49925,0.07332225832648483
0.5,0.3,0.3,0.8,0.6817862,49925,0.07103537816332507
0.8,0.1,0.1,0.7,0.6821235,49925,0.05546472046324163
0.1,0.5,0.5,0.7,0.68237674,49925,0.08048923127065948
0.4,0.5,0.2,0.2,0.6824371,49925,0.06719452754197482
0.9,0.9,0.4,0.5,0.6825067,49925,0.06706497288692832
0.4,0.3,0.3,0.7,0.682597,49925,0.07287561671321685
0.7,0.2,0.2,0.8,0.68259853,49925,0.06406779935939202
0.5,0.4,0.4,0.9,0.68260014,49925,0.0733826972437062
0.9,0.7,0.4,0.7,0.68267435,49925,0.06826818907736065
0.8,0.7,0.3,0.4,0.6827035,49925,0.06561980681527799
0.1,0.2,0.3,0.6,0.6828428,49925,0.0791199054610814
0.5,0.7,0.2,0.1,0.6828698,49925,0.06303814607644655
0.8,0.8,0.5,0.8,0.6829104,49925,0.07111429070714284
0.1,0.6,0.5,0.6,0.6829741,49925,0.08005689640849835
0.2,0.6,0.6,0.9,0.6830218,49925,0.07945349763832105
0.6,0.9,0.3,0.2,0.68307066,49925,0.06573133474989909
0.8,0.9,0.5,0.7,0.68307626,49925,0.0706057909937848
0.7,0.7,0.4,0.6,0.68326294,49925,0.07014123234447475
0.1,0.3,0.4,0.7,0.6832937,49925,0.08013050178029892
0.3,0.9,0.7,0.9,0.6833597,49925,0.07814229328515629
0.5,0.7,0.3,0.3,0.6833691,49925,0.06880185577196543
0.6,0.5,0.4,0.8,0.68338734,49925,0.07210142025028862
0.6,0.8,0.5,0.7,0.68348485,49925,0.07289335964595155
0.3,0.3,0.4,0.9,0.68349624,49925,0.07612861267687179
0.4,0.6,0.5,0.8,0.6836437,49925,0.07595580122837656
0.2,0.7,0.6,0.8,0.6836904,49925,0.07912474338228519
0.1,0.6,0.4,0.4,0.6836991,49925,0.07861134773957436
0.7,0.6,0.2,0.2,0.6837758,49925,0.06186328573191768
0.2,0.4,0.5,0.9,0.6838599,49925,0.07900400209792785
0.2,0.3,0.4,0.8,0.6839835,49925,0.07804200275292789
0.4,0.4,0.4,0.8,0.68406934,49925,0.0749315511136034
0.2,0.2,0.2,0.4,0.68406934,49925,0.0749315511136034
0.3,0.3,0.3,0.6,0.68406934,49925,0.0749315511136034
0.1,0.1,0.1,0.2,0.68406934,49925,0.0749315511136034
0.8,0.8,0.2,0.1,0.68414545,49925,0.0587274010269573
0.1,0.9,0.5,0.4,0.6842242,49925,0.07758628715008593
0.3,0.5,0.4,0.6,0.68423045,49925,0.07618459160354032
0.8,0.5,0.3,0.6,0.684256,49925,0.06700177778690582
0.9,0.4,0.1,0.1,0.684322,49925,0.05165480390477881
0.6,0.9,0.4,0.4,0.68432605,49925,0.06967201061365177
0.2,0.4,0.2,0.2,0.68439525,49925,0.07256185010112275
0.3,0.6,0.3,0.3,0.68439525,49925,0.07256185010112275
0.1,0.2,0.1,0.1,0.68439525,49925,0.07256185010112275
0.4,0.8,0.4,0.4,0.68439525,49925,0.07256185010112275
0.2,0.8,0.6,0.7,0.6843958,49925,0.07866181848121503
0.4,0.8,0.5,0.6,0.68446326,49925,0.07493654050971948
0.6,0.7,0.5,0.8,0.6845695,49925,0.07339517706359895
0.2,0.9,0.3,0.1,0.6848036,49925,0.07004201873285819
0.1,0.2,0.4,0.9,0.68500453,49925,0.078980719284318
0.4,0.8,0.3,0.2,0.685027,49925,0.06886031037638617
0.3,0.9,0.4,0.3,0.6850417,49925,0.07272878954006884
0.5,0.6,0.4,0.6,0.68523216,49925,0.07292625835420134
0.3,0.6,0.4,0.5,0.6852955,49925,0.07552224831795991
0.2,0.2,0.3,0.7,0.6854311,49925,0.07647277921155822
0.7,0.8,0.4,0.5,0.68546015,49925,0.0694657068636496
0.2,0.8,0.5,0.5,0.6855674,49925,0.07726752802918509
0.7,0.6,0.4,0.7,0.6856901,49925,0.07067287873380843
0.1,0.4,0.5,0.8,0.6856938,49925,0.08068157680724214
0.3,0.6,0.2,0.1,0.6857208,49925,0.0671801964201351
0.6,0.6,0.3,0.4,0.6861208,49925,0.06853918335063393
0.2,0.7,0.3,0.2,0.68614376,49925,0.07275301388933948
0.8,0.7,0.5,0.9,0.6862272,49925,0.07150612044962538
0.2,0.8,0.7,0.9,0.6862402,49925,0.07960284657495394
0.9,0.2,0.2,0.9,0.68645823,49925,0.06158909335509118
0.6,0.9,0.5,0.6,0.68647915,49925,0.0723156727038561
0.9,0.6,0.4,0.8,0.6865049,49925,0.06872153403312646
0.8,0.8,0.3,0.3,0.6865129,49925,0.06471125501228743
0.6,0.5,0.3,0.5,0.6865961,49925,0.06935765595631081
0.1,0.6,0.6,0.8,0.6866529,49925,0.08086366608459311
0.1,0.5,0.6,0.9,0.68666315,49925,0.08107138415962417
0.1,0.7,0.6,0.7,0.68679965,49925,0.0804867257402288
0.8,0.4,0.2,0.4,0.687067,49925,0.06274588197707026
0.4,0.2,0.1,0.2,0.687067,49925,0.06274588197707026
0.4,0.8,0.6,0.8,0.68734,49925,0.0765377551516655
0.2,0.4,0.3,0.4,0.68734,49925,0.0765377551516655
0.8,0.5,0.2,0.3,0.68734074,49925,0.06181624150290198
0.1,0.7,0.5,0.5,0.68741184,49925,0.07943004009466995
0.4,0.7,0.6,0.9,0.6875238,49925,0.07693605662876012
0.5,0.7,0.4,0.5,0.6875391,49925,0.0722446334499593
0.4,0.5,0.5,0.9,0.6876055,49925,0.07626795605270278
0.7,0.9,0.3,0.2,0.68801826,49925,0.0647214788224578
0.7,0.4,0.3,0.7,0.6880302,49925,0.06854241899571217
0.2,0.9,0.7,0.8,0.68803537,49925,0.07920490091479208
0.6,0.9,0.6,0.8,0.68804,49925,0.0742043235442118
0.9,0.6,0.3,0.5,0.6881405,49925,0.06534982553026826
0.1,0.7,0.7,0.9,0.68817216,49925,0.08112359816917337
0.9,0.8,0.2,0.1,0.6882169,49925,0.05777323646165036
0.8,0.9,0.6,0.9,0.68826425,49925,0.07255279745660484
0.5,0.4,0.2,0.3,0.688281,49925,0.0668854167190439
0.9,0.3,0.2,0.6,0.68835366,49925,0.06208704832637219
0.4,0.9,0.6,0.7,0.68844247,49925,0.07604794891963547
0.2,0.9,0.6,0.6,0.6884998,49925,0.07812674055898232
0.6,0.6,0.5,0.9,0.68850845,49925,0.07375020495490626
0.9,0.9,0.5,0.7,0.68858224,49925,0.06981350305425454
0.6,0.8,0.6,0.9,0.68861353,49925,0.07463141988112752
0.4,0.5,0.3,0.4,0.6886932,49925,0.07212727325096979
0.3,0.4,0.4,0.7,0.68875,49925,0.07660870161068903
0.6,0.2,0.2,0.7,0.68879247,49925,0.06581849748983257
0.8,0.5,0.4,0.9,0.68887454,49925,0.06990712274971313
0.5,0.5,0.4,0.7,0.6889731,49925,0.07345917010843503
0.3,0.2,0.3,0.8,0.68911934,49925,0.07415880983983693
0.1,0.8,0.7,0.8,0.68922126,49925,0.08080661521055754
0.9,0.4,0.3,0.8,0.689222,49925,0.06621116416601885
0.3,0.6,0.5,0.7,0.68926334,49925,0.07732698131792667
0.9,0.7,0.3,0.4,0.6893222,49925,0.06465041724993248
0.1,0.5,0.2,0.1,0.68957734,49925,0.07276992235885495
0.6,0.7,0.2,0.1,0.6896942,49925,0.06174927801440334
0.7,0.1,0.1,0.6,0.6897663,49925,0.057030725627477304
0.4,0.9,0.5,0.5,0.6898257,49925,0.07425345836465942
0.9,0.8,0.5,0.8,0.68994105,49925,0.07030635864358317
0.7,0.9,0.4,0.4,0.6901137,49925,0.06870282389881896
0.4,0.4,0.3,0.5,0.6902089,49925,0.07291577092167237
0.8,0.7,0.4,0.6,0.69021785,49925,0.06919245523677499
0.4,0.3,0.1,0.1,0.69025916,49925,0.06068707456200644
0.8,0.6,0.2,0.2,0.69025916,49925,0.06068707456200644
0.3,0.1,0.2,0.8,0.690318,49925,0.06948721290393745
0.1,0.1,0.2,0.5,0.6903189,49925,0.07700235430931825
0.4,0.9,0.7,0.9,0.69037056,49925,0.07731260629795902
0.8,0.2,0.1,0.3,0.6904791,49925,0.055653014605470466
0.2,0.3,0.3,0.5,0.69070965,49925,0.0772218925647116
0.6,0.7,0.3,0.3,0.690716,49925,0.06757903395701562
0.7,0.8,0.5,0.7,0.69072115,49925,0.07201385088717245
0.3,0.7,0.5,0.6,0.69094586,49925,0.076772792621573
0.8,0.8,0.4,0.5,0.69104755,49925,0.06852015287540528
0.1,0.8,0.6,0.6,0.6910813,49925,0.07996786398366995
0.5,0.7,0.5,0.7,0.69109833,49925,0.07450374237747324
0.3,0.7,0.4,0.4,0.69128627,49925,0.07470301948982959
0.7,0.7,0.5,0.8,0.69131964,49925,0.0724822287032743
0.5,0.5,0.2,0.2,0.6913911,49925,0.0655638175024162
0.3,0.9,0.3,0.1,0.691447,49925,0.06874874040364204
0.1,0.9,0.8,0.9,0.6915298,49925,0.08103576206285049
0.5,0.8,0.5,0.6,0.69159263,49925,0.07393861782922537
0.9,0.8,0.3,0.3,0.69164824,49925,0.06376880737501812
0.7,0.5,0.4,0.8,0.6917025,49925,0.07107750768110041
0.2,0.8,0.4,0.3,0.69173265,49925,0.07498261069935594
0.9,0.1,0.1,0.7,0.69185525,49925,0.05442365174568394
0.3,0.5,0.5,0.8,0.6918939,49925,0.07770678153558654
0.4,0.9,0.4,0.3,0.69197863,49925,0.07159573377948016
0.5,0.8,0.3,0.2,0.6923799,49925,0.06763869530026353
0.6,0.4,0.3,0.6,0.6926075,49925,0.06994137444193865
0.5,0.8,0.4,0.4,0.6926273,49925,0.07143628806217543
0.7,0.3,0.3,0.9,0.6926404,49925,0.0683200792720155
0.4,0.2,0.3,0.9,0.69274,49925,0.07212548506103679
0.9,0.5,0.3,0.6,0.69283473,49925,0.06598654022915505
0.9,0.7,0.5,0.9,0.6928676,49925,0.07068243734787961
0.8,0.9,0.3,0.2,0.69304585,49925,0.06375109534392452
0.1,0.6,0.3,0.2,0.69305134,49925,0.07587969859577141
0.7,0.9,0.5,0.6,0.69311976,49925,0.07143560329551953
0.2,0.5,0.3,0.3,0.69315,49925,0.07546983269084549
0.1,0.9,0.7,0.7,0.69325775,49925,0.08035807225939402
0.5,0.3,0.2,0.4,0.69343114,49925,0.06786613637612625
0.2,0.5,0.4,0.5,0.6935929,49925,0.07792242877695787
0.7,0.6,0.3,0.4,0.6936481,49925,0.06737581528108977
0.7,0.3,0.2,0.5,0.69375587,49925,0.06469459865327769
0.9,0.5,0.2,0.3,0.6938331,49925,0.0606456186408323
0.8,0.2,0.2,0.8,0.6938637,49925,0.06298088345241738
0.4,0.1,0.1,0.4,0.6938637,49925,0.06298088345241738
0.5,0.6,0.5,0.8,0.69390947,49925,0.07494125284337809
0.8,0.6,0.4,0.7,0.69407386,49925,0.06971860253078845
0.1,0.8,0.3,0.1,0.6941249,49925,0.0727426459060132
0.3,0.8,0.5,0.5,0.6942863,49925,0.07612255970560926
0.2,0.9,0.5,0.4,0.69433004,49925,0.07643599397521451
0.4,0.6,0.4,0.5,0.694459,49925,0.07424368139363297
0.6,0.4,0.4,0.9,0.694471,49925,0.07233637785390162
0.3,0.7,0.6,0.8,0.6944915,49925,0.07812693899508937
0.9,0.9,0.6,0.9,0.69457734,49925,0.07181883802650839
0.6,0.6,0.4,0.6,0.69457734,49925,0.07181883802650839
0.3,0.3,0.2,0.3,0.69457734,49925,0.07181883802650839
0.7,0.9,0.6,0.8,0.6947834,49925,0.07338374025895103
0.3,0.7,0.3,0.2,0.6949151,49925,0.07124584482053875
0.7,0.7,0.2,0.1,0.69496226,49925,0.06056621546200658
0.6,0.3,0.3,0.8,0.69499904,49925,0.06986828787984022
0.9,0.4,0.2,0.4,0.69501054,49925,0.06155198177814373
0.3,0.6,0.6,0.9,0.69536763,49925,0.07845159523726868
0.1,0.2,0.2,0.3,0.69536763,49925,0.07845159523726868
0.2,0.4,0.4,0.6,0.69536763,49925,0.07845159523726868
0.4,0.6,0.3,0.3,0.6953978,49925,0.0710690867621161
0.5,0.8,0.6,0.8,0.6954888,49925,0.07562537315536282
0.1,0.7,0.4,0.3,0.69549984,49925,0.077563995164136
0.1,0.9,0.4,0.2,0.6955193,49925,0.07508675162879815
0.8,0.9,0.4,0.4,0.69553304,49925,0.06779168293101365
0.4,0.1,0.2,0.9,0.6957087,49925,0.06716693476593713
0.6,0.7,0.4,0.5,0.69580895,49925,0.07115284979850059
0.1,0.8,0.5,0.4,0.6958833,49925,0.07858836811587183
0.3,0.8,0.6,0.7,0.6959486,49925,0.07765898627608742
0.5,0.9,0.6,0.7,0.69595945,49925,0.0751439992242702
0.9,0.6,0.2,0.2,0.6961833,49925,0.059586449915789465
0.4,0.5,0.4,0.6,0.6963403,49925,0.07488412240964554
0.4,0.6,0.2,0.1,0.6965968,49925,0.06555930627825775
0.5,0.7,0.6,0.9,0.69662684,49925,0.07602426323739561
0.7,0.5,0.3,0.5,0.6966752,49925,0.06817356105013102
0.3,0.8,0.7,0.9,0.69668525,49925,0.07871451394453774
0.1,0.9,0.6,0.5,0.696694,49925,0.07930514615674054
0.5,0.9,0.5,0.5,0.69675106,49925,0.07325780910488353
0.9,0.8,0.4,0.5,0.6968292,49925,0.06762896673559719
0.7,0.8,0.6,0.9,0.69696414,49925,0.07381938284991689
0.8,0.4,0.3,0.7,0.69708526,49925,0.06744824550944953
0.7,0.7,0.3,0.3,0.69711286,49925,0.06644753373850935
0.5,0.2,0.2,0.6,0.69712085,49925,0.06781975468972569
0.7,0.6,0.5,0.9,0.6972557,49925,0.07285179527059331
0.9,0.5,0.4,0.9,0.6973463,49925,0.0690367058593355
0.1,0.3,0.5,0.9,0.6973955,49925,0.08064349972315042
0.2,0.6,0.4,0.4,0.69741076,49925,0.07713026536091162
0.1,0.3,0.2,0.2,0.69741076,49925,0.07713026536091162
0.3,0.9,0.6,0.6,0.69741076,49925,0.07713026536091162
0.2,0.6,0.5,0.6,0.6974436,49925,0.0788028353920489
0.4,0.9,0.3,0.1,0.6974999,49925,0.06755665228902588
0.9,0.7,0.4,0.6,0.69753015,49925,0.06827032810323341
0.9,0.2,0.1,0.3,0.69771546,49925,0.05428527933986031
0.8,0.8,0.5,0.7,0.6977454,49925,0.07115144695545887
0.3,0.9,0.7,0.8,0.6977576,49925,0.07832898215930593
0.6,0.1,0.1,0.5,0.6978582,49925,0.058790802866325445
0.5,0.3,0.3,0.7,0.69802576,49925,0.07155138601104843
0.2,0.5,0.5,0.7,0.69838107,49925,0.07925763920775944
0.5,0.9,0.7,0.9,0.6984799,49925,0.07649796678281673
0.5,0.4,0.4,0.8,0.6985144,49925,0.07379882837305639
0.9,0.9,0.3,0.2,0.6987587,49925,0.06282454931275289
0.6,0.8,0.5,0.6,0.6990269,49925,0.07296127509495585
0.8,0.9,0.5,0.6,0.6990884,49925,0.0705847537996656
0.5,0.5,0.3,0.4,0.6992382,49925,0.07070221084793392
0.8,0.7,0.5,0.8,0.6993029,49925,0.07161088763545508
0.6,0.8,0.3,0.2,0.6993473,49925,0.06650944483545544
0.5,0.5,0.5,0.9,0.69935477,49925,0.075257197745388
0.3,0.8,0.4,0.3,0.69958717,49925,0.0736938998228495
0.4,0.3,0.4,0.9,0.69959116,49925,0.0749720860587737
0.6,0.5,0.4,0.7,0.699738,49925,0.07232135414964867
0.6,0.4,0.2,0.3,0.69975865,49925,0.06531429153843042
0.5,0.9,0.4,0.3,0.69986415,49925,0.07049638628329566
0.6,0.7,0.5,0.7,0.69991785,49925,0.07351137595857124
0.3,0.4,0.2,0.2,0.6999754,49925,0.0703615193015606
0.6,0.8,0.4,0.4,0.6999754,49925,0.0703615193015606
0.8,0.7,0.2,0.1,0.7000552,49925,0.0594478043500043
0.2,0.7,0.6,0.7,0.7000598,49925,0.07942967226818093
0.2,0.6,0.6,0.8,0.7001482,49925,0.0798031235006773
0.1,0.3,0.3,0.4,0.7001482,49925,0.0798031235006773
0.6,0.5,0.2,0.2,0.700308,49925,0.06406822002983137
0.4,0.7,0.5,0.6,0.70053375,49925,0.07567295554110433
0.4,0.7,0.4,0.4,0.7005384,49925,0.0734415020039157
0.9,0.9,0.4,0.4,0.7007228,49925,0.06691217521516372
0.3,0.4,0.5,0.9,0.70075613,49925,0.07789858938416545
0.2,0.7,0.7,0.9,0.7009549,49925,0.08022699583292295
0.4,0.6,0.5,0.7,0.7009725,49925,0.07619646493793106
0.8,0.6,0.3,0.4,0.7010323,49925,0.06627412165745343
0.2,0.5,0.2,0.1,0.7011438,49925,0.07053904990982837
0.2,0.7,0.5,0.5,0.70120037,49925,0.07819493473680164
0.8,0.1,0.1,0.6,0.7012424,49925,0.055832294877895546
0.5,0.3,0.1,0.1,0.7015285,49925,0.05856725399324182
0.8,0.5,0.4,0.8,0.70154005,49925,0.07011847532109496
0.7,0.7,0.4,0.5,0.70154196,49925,0.07012246778372114
0.2,0.8,0.7,0.8,0.7018162,49925,0.07988172465790737
0.1,0.4,0.4,0.5,0.70189834,49925,0.08053380827908777
0.8,0.9,0.6,0.8,0.7019741,49925,0.07260847171195714
0.9,0.6,0.4,0.7,0.70210123,49925,0.06879901154123584
0.3,0.3,0.4,0.8,0.7021577,49925,0.07674289500205465
0.2,0.1,0.2,0.6,0.7021693,49925,0.07354620790498705
0.7,0.2,0.2,0.7,0.70238274,49925,0.06455541527270751
0.8,0.7,0.3,0.3,0.7024689,49925,0.06536816003297613
0.5,0.6,0.2,0.1,0.70247495,49925,0.06404198300823266
0.3,0.9,0.5,0.4,0.7026106,49925,0.07531630790186974
0.2,0.4,0.5,0.8,0.70278215,49925,0.07951473151894725
0.8,0.3,0.2,0.5,0.7027923,49925,0.06339040760127389
0.4,0.2,0.2,0.5,0.7028054,49925,0.07008711631255174
0.1,0.4,0.3,0.3,0.70281386,49925,0.07892660583597852
0.2,0.8,0.6,0.6,0.70281386,49925,0.07892660583597852
0.4,0.7,0.6,0.8,0.70287335,49925,0.07715988736216003
0.2,0.5,0.6,0.9,0.7028868,49925,0.08005933224590342
0.6,0.8,0.6,0.8,0.70293045,49925,0.07474989231103431
0.3,0.4,0.3,0.4,0.70293045,49925,0.07474989231103431
0.8,0.3,0.3,0.9,0.7029306,49925,0.0673073413632501
0.2,0.8,0.3,0.1,0.70294535,49925,0.07124777968590404
0.9,0.2,0.2,0.8,0.7029455,49925,0.06194508696819334
0.5,0.2,0.1,0.2,0.7029765,49925,0.06042412405236919
0.4,0.4,0.4,0.7,0.7030262,49925,0.07531693729523305
0.6,0.9,0.6,0.7,0.70306385,49925,0.07427865532407261
0.2,0.9,0.8,0.9,0.703143,49925,0.08022068988844874
0.1,0.1,0.3,0.8,0.70323676,49925,0.0771949940800574
0.4,0.3,0.3,0.6,0.70327055,49925,0.07342105131098003
0.6,0.9,0.5,0.5,0.70331365,49925,0.07229431900767666
0.9,0.9,0.5,0.6,0.70332974,49925,0.06977644219037091
0.1,0.5,0.5,0.6,0.703378,49925,0.0809658797349444
0.6,0.6,0.5,0.8,0.7033956,49925,0.07395957296693602
0.1,0.7,0.7,0.8,0.70339954,49925,0.08147326010415624
0.1,0.2,0.4,0.8,0.7034472,49925,0.07986190601314912
0.4,0.8,0.5,0.5,0.70351124,49925,0.07501072117450543
0.1,0.6,0.6,0.7,0.7035338,49925,0.08126062966526507
0.2,0.9,0.7,0.7,0.70353466,49925,0.07944248657960198
0.7,0.6,0.4,0.6,0.7036594,49925,0.07075114766131513
0.9,0.8,0.5,0.7,0.70367247,49925,0.07031911540813417
0.5,0.6,0.3,0.3,0.70373225,49925,0.06968613909613719
0.5,0.9,0.3,0.1,0.7037942,49925,0.06643947533907116
0.1,0.5,0.4,0.4,0.7039144,49925,0.07984996559208404
0.1,0.8,0.8,0.9,0.704124,49925,0.08163571920460069
0.8,0.8,0.6,0.9,0.70413446,49925,0.07303498360711838
0.2,0.9,0.4,0.2,0.7041956,49925,0.07380781323909344
0.1,0.6,0.7,0.9,0.70419866,49925,0.08177961618149737
0.4,0.7,0.3,0.2,0.7044048,49925,0.06982086127914121
0.5,0.4,0.3,0.5,0.70440525,49925,0.07145146174281283
0.1,0.5,0.6,0.8,0.7046785,49925,0.08158099233260552
0.1,0.6,0.5,0.5,0.70474845,49925,0.08041259571566554
0.4,0.8,0.6,0.7,0.7047943,49925,0.07670411708514496
0.1,0.7,0.6,0.6,0.70482635,49925,0.08080316635227061
0.6,0.7,0.6,0.9,0.70485973,49925,0.07513689405083436
0.2,0.3,0.4,0.7,0.704872,49925,0.07870822052107888
0.7,0.8,0.3,0.2,0.7052999,49925,0.06541375417528397
0.4,0.5,0.5,0.8,0.7055429,49925,0.07658884344450054
0.1,0.4,0.5,0.7,0.70561105,49925,0.08130006989784969
0.1,0.8,0.7,0.7,0.7056149,49925,0.08108710010172161
0.7,0.4,0.3,0.6,0.7056271,49925,0.06874002956035996
0.4,0.8,0.7,0.9,0.70573276,49925,0.0778733816864904
0.8,0.6,0.5,0.9,0.70578164,49925,0.07196931991611365
0.7,0.8,0.4,0.4,0.70582604,49925,0.06935117020483317
0.8,0.5,0.3,0.5,0.7059121,49925,0.06702594534610022
0.7,0.4,0.4,0.9,0.70596707,49925,0.0713384634964324
0.1,0.9,0.8,0.8,0.70608646,49925,0.0812914315959474
0.4,0.9,0.7,0.8,0.70613396,49925,0.07745801609039812
0.4,0.9,0.6,0.6,0.7061455,49925,0.07616205079657634
0.5,0.6,0.4,0.5,0.70620936,49925,0.07300277523732254
0.6,0.9,0.4,0.3,0.7063758,49925,0.06946312199228453
0.9,0.7,0.5,0.8,0.7063958,49925,0.07076788067519903
0.3,0.5,0.3,0.3,0.7064025,49925,0.0737183006837586
0.9,0.7,0.2,0.1,0.70646805,49925,0.058421656330949985
0.6,0.9,0.7,0.9,0.7064707,49925,0.07570203846199164
0.4,0.6,0.6,0.9,0.7064984,49925,0.07750888416861704
0.9,0.4,0.3,0.7,0.7067466,49925,0.06643221480309079
0.2,0.6,0.3,0.2,0.70685583,49925,0.0740795297603173
0.4,0.8,0.4,0.3,0.7072569,49925,0.07246918113678508
0.6,0.3,0.2,0.4,0.70728934,49925,0.06625528475307184
0.7,0.3,0.3,0.8,0.70764804,49925,0.06874388789668472
0.7,0.8,0.5,0.6,0.70772594,49925,0.07201570584456186
0.2,0.8,0.5,0.4,0.7077472,49925,0.07736859485746239
0.1,0.3,0.4,0.6,0.707753,49925,0.08087757433695758
0.2,0.7,0.4,0.3,0.70786816,49925,0.07609580105746316
0.2,0.9,0.6,0.5,0.7079382,49925,0.07825380896708525
0.9,0.6,0.3,0.4,0.7080148,49925,0.06523200139167157
0.3,0.5,0.4,0.5,0.70806503,49925,0.07646802621651548
0.1,0.9,0.5,0.3,0.70820224,49925,0.07760598428813169
0.9,0.9,0.6,0.8,0.7082125,49925,0.07185113580139361
0.3,0.2,0.3,0.7,0.70859885,49925,0.07493951950520149
0.7,0.4,0.2,0.3,0.7086066,49925,0.06385992315325098
0.7,0.5,0.2,0.2,0.70861316,49925,0.06267026083114995
0.1,0.9,0.7,0.6,0.7086795,49925,0.08056212656995242
0.8,0.7,0.4,0.5,0.7086803,49925,0.06912179190619296
0.5,0.5,0.4,0.6,0.7088781,49925,0.0736503122766676
0.7,0.7,0.5,0.7,0.7089995,49925,0.0725703674714893
0.5,0.7,0.4,0.4,0.7090256,49925,0.07221647663598843
0.1,0.8,0.4,0.2,0.7092553,49925,0.07626707567837578
0.3,0.8,0.3,0.1,0.70938927,49925,0.06981839853081569
0.6,0.3,0.1,0.1,0.7094058,49925,0.05666882082476479
0.1,0.8,0.6,0.5,0.7094339,49925,0.08017537503231074
0.5,0.7,0.5,0.6,0.7097317,49925,0.07461330268805239
0.6,0.5,0.3,0.4,0.7098178,49925,0.06936282286881738
0.2,0.2,0.3,0.6,0.70990473,49925,0.07735582172879846
0.9,0.7,0.3,0.3,0.70997703,49925,0.06436109650489621
0.2,0.2,0.4,0.9,0.71009654,49925,0.07779222841694253
0.3,0.2,0.2,0.4,0.71010137,49925,0.07266967552472912
0.6,0.4,0.4,0.8,0.71010137,49925,0.07266967552472912
0.3,0.6,0.5,0.6,0.71011823,49925,0.07758331872811858
0.9,0.5,0.4,0.8,0.7101257,49925,0.0691951521153481
0.1,0.7,0.5,0.4,0.7101262,49925,0.07965123802881473
0.7,0.5,0.4,0.7,0.710132,49925,0.0712639118485563
0.8,0.8,0.3,0.2,0.7103277,49925,0.06438631333090154
0.7,0.9,0.5,0.5,0.7103343,49925,0.07137118804897624
0.3,0.6,0.4,0.4,0.7103512,49925,0.075684624386633
0.4,0.9,0.5,0.4,0.71038634,49925,0.07426549385679324
0.3,0.9,0.4,0.2,0.7104207,49925,0.07259102791676109
0.6,0.5,0.5,0.9,0.71047306,49925,0.07428501617296894
0.7,0.9,0.6,0.7,0.7105832,49925,0.07343501808480435
0.6,0.9,0.3,0.1,0.7105869,49925,0.06535971740791341
0.6,0.6,0.2,0.1,0.71058995,49925,0.06263905647410492
0.4,0.2,0.3,0.8,0.7106004,49925,0.07282953877382758
0.3,0.1,0.2,0.7,0.7106894,49925,0.07060043836224898
0.9,0.8,0.6,0.9,0.7107066,49925,0.0722583379972886
0.3,0.3,0.3,0.5,0.7107169,49925,0.07542063961384299
0.6,0.2,0.2,0.6,0.71077144,49925,0.06635212968545111
0.9,0.3,0.3,0.9,0.71077144,49925,0.06635212968545111
0.3,0.1,0.1,0.3,0.71077144,49925,0.06635212968545111
0.5,0.2,0.3,0.9,0.710867,49925,0.07093775306402123
0.3,0.6,0.6,0.8,0.7111596,49925,0.07876924796027195
0.8,0.8,0.4,0.4,0.7112192,49925,0.06838574165906548
0.4,0.4,0.2,0.2,0.7112192,49925,0.06838574165906548
0.6,0.6,0.3,0.3,0.7112192,49925,0.06838574165906548
0.2,0.2,0.1,0.1,0.7112192,49925,0.06838574165906548
0.9,0.3,0.2,0.5,0.7112256,49925,0.06218981524536393
0.3,0.5,0.5,0.7,0.7112411,49925,0.07805482303847021
0.5,0.6,0.5,0.7,0.71128833,49925,0.07512204612887761
0.6,0.3,0.3,0.7,0.71146697,49925,0.07027865093105247
0.7,0.8,0.6,0.8,0.7115444,49925,0.07388749441147079
0.5,0.8,0.5,0.5,0.71154463,49925,0.07396000989025707
0.3,0.7,0.6,0.7,0.7115462,49925,0.07836590559654671
0.1,0.4,0.6,0.9,0.71156585,49925,0.08167396666177242
0.3,0.9,0.8,0.9,0.71162194,49925,0.07941116016246154
0.3,0.7,0.5,0.5,0.71163696,49925,0.0769486346322388
0.8,0.6,0.4,0.6,0.71178085,49925,0.06974742041725127
0.4,0.3,0.2,0.3,0.71178085,49925,0.06974742041725127
0.9,0.1,0.1,0.6,0.7118585,49925,0.05469276990649571
0.3,0.4,0.4,0.6,0.71193194,49925,0.07704052209050426
0.3,0.7,0.7,0.9,0.71196395,49925,0.07929822954707558
0.3,0.8,0.7,0.8,0.7121342,49925,0.07897316302041008
0.7,0.9,0.4,0.3,0.7122729,49925,0.06851162875509063
0.7,0.1,0.1,0.5,0.7123081,49925,0.05735470734385326
0.5,0.8,0.6,0.7,0.712427,49925,0.07577034549644095
0.7,0.6,0.5,0.8,0.7126614,49925,0.07301362557846042
0.1,0.6,0.4,0.3,0.7126678,49925,0.07883056472221464
0.5,0.7,0.3,0.2,0.7127449,49925,0.0685213680792256
0.5,0.9,0.7,0.8,0.71283877,49925,0.07663405392597913
0.7,0.9,0.7,0.9,0.71289504,49925,0.0749238477198588
0.5,0.1,0.1,0.4,0.7129076,49925,0.06096206000262625
0.3,0.9,0.7,0.7,0.71313,49925,0.07855321317525656
0.1,0.7,0.3,0.1,0.71315527,49925,0.07421936305502658
0.1,0.2,0.3,0.5,0.71321553,49925,0.08014872462040486
0.3,0.8,0.6,0.6,0.71322113,49925,0.07784789862976617
0.2,0.1,0.3,0.9,0.7134021,49925,0.07484867759101224
0.5,0.7,0.6,0.8,0.71356237,49925,0.07620271975879994
0.8,0.2,0.2,0.7,0.7137382,49925,0.06336250599395457
0.9,0.6,0.5,0.9,0.71386063,49925,0.07114012458046759
0.5,0.8,0.7,0.9,0.7139297,49925,0.07704031767119834
0.9,0.5,0.3,0.5,0.7140517,49925,0.06595289433844376
0.3,0.5,0.2,0.1,0.71408725,49925,0.0685283923734207
0.5,0.9,0.6,0.6,0.714113,49925,0.07521136408805755
0.9,0.7,0.4,0.5,0.7142237,49925,0.06818362007721043
0.6,0.6,0.4,0.5,0.7143458,49925,0.07184500114489643
0.8,0.4,0.3,0.6,0.71445715,49925,0.06761210539776097
0.8,0.8,0.5,0.6,0.71450603,49925,0.07113060623122688
0.7,0.7,0.6,0.9,0.71473485,49925,0.07429150227491672
0.6,0.2,0.1,0.2,0.71474445,49925,0.05840420998639818
0.5,0.1,0.2,0.9,0.7148828,49925,0.0659695569446342
0.4,0.8,0.3,0.1,0.715072,49925,0.06851283594905568
0.9,0.8,0.3,0.2,0.7151126,49925,0.06340496319042703
0.4,0.4,0.5,0.9,0.71514803,49925,0.0767966777149871
0.5,0.3,0.4,0.9,0.7152543,49925,0.0738596540920674
0.7,0.9,0.3,0.1,0.7152813,49925,0.06432354651913184
0.4,0.1,0.2,0.8,0.7155256,49925,0.06811467904068177
0.8,0.4,0.4,0.9,0.71558267,49925,0.07037329026913414
0.8,0.5,0.2,0.2,0.7155975,49925,0.06138248466270304
0.1,0.5,0.3,0.2,0.71567243,49925,0.07749038026356678
0.6,0.4,0.3,0.5,0.7157877,49925,0.07008382478077554
0.8,0.7,0.5,0.7,0.71590936,49925,0.0716645417947882
0.3,0.6,0.3,0.2,0.7159521,49925,0.07241206093390347
0.5,0.3,0.3,0.6,0.7159952,49925,0.07197747783125151
0.2,0.9,0.8,0.8,0.71608573,49925,0.08045677667845683
0.8,0.9,0.5,0.5,0.716086,49925,0.07050264375441331
0.7,0.6,0.2,0.1,0.7161584,49925,0.06134123535912014
0.8,0.9,0.4,0.3,0.7161611,49925,0.06757070478735233
0.4,0.9,0.4,0.2,0.7162174,49925,0.07139969702793597
0.3,0.5,0.6,0.9,0.7162215,49925,0.07903017342724375
0.5,0.8,0.4,0.3,0.7162528,49925,0.07130804132683145
0.1,0.9,0.9,0.9,0.71632016,49925,0.08199653287355821
0.3,0.9,0.6,0.5,0.7163376,49925,0.07722776038770138
0.3,0.8,0.5,0.4,0.7163377,49925,0.0761759352166775
0.8,0.9,0.6,0.7,0.7163527,49925,0.0726177868587211
0.5,0.6,0.6,0.9,0.7166137,49925,0.07655893701675705
0.2,0.8,0.8,0.9,0.7166426,49925,0.08079306424098745
0.9,0.8,0.4,0.4,0.7167749,49925,0.06746967480174154
0.6,0.7,0.5,0.6,0.7169881,49925,0.07356707606022685
0.5,0.5,0.5,0.8,0.7170324,49925,0.07551060262787926
0.2,0.7,0.7,0.8,0.71704316,49925,0.08053139213824169
0.5,0.9,0.5,0.4,0.7170792,49925,0.07321807553106315
0.5,0.4,0.4,0.7,0.7172884,49925,0.07408187265456068
0.6,0.7,0.4,0.4,0.71729624,49925,0.07107931600897455
0.2,0.9,0.5,0.3,0.71732926,49925,0.07644133724585297
0.2,0.8,0.7,0.7,0.7173492,49925,0.08013126708341343
0.1,0.8,0.8,0.8,0.71743715,49925,0.08189949080259955
0.7,0.3,0.1,0.1,0.717582,49925,0.05497359033261068
0.1,0.3,0.5,0.8,0.7176349,49925,0.08133055304958096
0.2,0.3,0.5,0.9,0.71767944,49925,0.07952111098381608
0.1,0.7,0.8,0.9,0.71768844,49925,0.08222653240661967
0.2,0.6,0.6,0.7,0.71781194,49925,0.08017326646876528
0.3,0.7,0.4,0.3,0.71806335,49925,0.0747111134827689
0.7,0.5,0.3,0.4,0.71812767,49925,0.06809900309529991
0.4,0.4,0.3,0.4,0.7181628,49925,0.07308509322115687
0.8,0.8,0.6,0.8,0.7181628,49925,0.07308509322115687
0.9,0.6,0.4,0.6,0.71817714,49925,0.06879719118861159
0.4,0.3,0.4,0.8,0.7182206,49925,0.0754812243534117
0.8,0.4,0.2,0.3,0.7182545,49925,0.06252002979539507
0.2,0.6,0.7,0.9,0.7182845,49925,0.08083901374787977
0.7,0.6,0.3,0.3,0.71830237,49925,0.06716467597653067
0.1,0.9,0.6,0.4,0.7183497,49925,0.07939775872894729
0.6,0.7,0.3,0.2,0.7184056,49925,0.0672924742258436
0.4,0.5,0.3,0.3,0.7185208,49925,0.07208428819987316
0.2,0.7,0.6,0.6,0.7186727,49925,0.07970080871844892
0.8,0.9,0.3,0.1,0.7187203,49925,0.06334419387693088
0.2,0.5,0.5,0.6,0.7189434,49925,0.07965953818228211
0.6,0.5,0.4,0.6,0.7190093,49925,0.07247581947005541
0.1,0.4,0.2,0.1,0.71923614,49925,0.07489740114654728
0.2,0.8,0.4,0.2,0.71923614,49925,0.07489740114654728
0.6,0.8,0.6,0.7,0.7192757,49925,0.07486366797763565
0.8,0.3,0.3,0.8,0.71937525,49925,0.0676705070859741
0.8,0.5,0.4,0.7,0.71941495,49925,0.07024633499060473
0.1,0.7,0.7,0.7,0.7194713,49925,0.08176899648256819
0.6,0.8,0.5,0.5,0.71955854,49925,0.072934844325497
0.3,0.4,0.5,0.8,0.7195859,49925,0.07835019275678819
0.2,0.6,0.5,0.5,0.7195921,49925,0.07911332199516988
0.7,0.3,0.2,0.4,0.71963567,49925,0.06477686949747845
0.1,0.9,0.8,0.7,0.7198856,49925,0.08150413156004793
0.4,0.8,0.7,0.8,0.7199071,49925,0.07805009256861607
0.9,0.8,0.5,0.6,0.7199602,49925,0.07028780742861895
0.8,0.9,0.7,0.9,0.72015786,49925,0.0741705784952601
0.2,0.9,0.7,0.6,0.72025776,49925,0.07962155936207774
0.1,0.6,0.7,0.8,0.72032017,49925,0.08213402056154524
0.4,0.7,0.6,0.7,0.72044563,49925,0.0773489575391258
0.7,0.4,0.4,0.8,0.7204662,49925,0.07161598373372995
0.8,0.6,0.5,0.8,0.7204666,49925,0.07209012420088719
0.4,0.9,0.8,0.9,0.7204815,49925,0.07861830630964294
0.6,0.9,0.7,0.8,0.7205718,49925,0.07581431426732771
0.7,0.5,0.5,0.9,0.7206803,49925,0.07334554794902962
0.9,0.9,0.4,0.3,0.7208168,49925,0.06666735883131433
0.4,0.5,0.4,0.5,0.72091013,49925,0.07506293040640864
0.2,0.5,0.6,0.8,0.72093254,49925,0.08050652376170406
0.2,0.4,0.4,0.5,0.72098356,49925,0.07892899986920071
0.2,0.5,0.4,0.4,0.7211354,49925,0.07823178200052064
0.4,0.7,0.7,0.9,0.72114575,49925,0.07841130434950479
0.4,0.6,0.4,0.4,0.7211711,49925,0.07431474246917127
0.2,0.3,0.2,0.2,0.7211711,49925,0.07431474246917127
0.6,0.9,0.6,0.6,0.7211711,49925,0.07431474246917127
0.5,0.2,0.2,0.5,0.72119385,49925,0.06836704351972456
0.6,0.6,0.5,0.7,0.721215,49925,0.07409914712026762
0.9,0.9,0.5,0.5,0.7214298,49925,0.06963182985960309
0.4,0.6,0.5,0.6,0.72147036,49925,0.0764197141615781
0.1,0.8,0.7,0.6,0.7214903,49925,0.08131763365600737
0.4,0.9,0.7,0.7,0.72158104,49925,0.07761087278506322
0.8,0.7,0.6,0.9,0.72158504,49925,0.07347706195240448
0.4,0.7,0.5,0.5,0.7217723,49925,0.07579559587628787
0.1,0.8,0.5,0.3,0.72183716,49925,0.07866846475889958
0.2,0.7,0.3,0.1,0.721849,49925,0.07253531554939929
0.6,0.8,0.7,0.9,0.7219829,49925,0.0762247584719762
0.6,0.7,0.6,0.8,0.72200954,49925,0.07528749179536211
0.8,0.6,0.2,0.1,0.722057,49925,0.060151571120951486
0.2,0.8,0.6,0.5,0.7221518,49925,0.07909457432362997
0.4,0.8,0.6,0.6,0.7221585,49925,0.07682094226941763
0.2,0.4,0.3,0.3,0.7221585,49925,0.07682094226941763
0.5,0.8,0.3,0.1,0.72231627,49925,0.06727133799954778
0.9,0.5,0.2,0.2,0.7223384,49925,0.060202046726236906
0.5,0.4,0.2,0.2,0.7223446,49925,0.06657858166313499
0.1,0.6,0.6,0.6,0.7223786,49925,0.08161254598659007
0.2,0.3,0.3,0.4,0.7224896,49925,0.07776056090356111
0.4,0.6,0.6,0.8,0.7224896,49925,0.07776056090356111
0.9,0.9,0.6,0.7,0.72259945,49925,0.0718250140804579
0.4,0.5,0.2,0.1,0.7227774,49925,0.06668854246746832
0.1,0.5,0.6,0.7,0.7228639,49925,0.08201287769901844
0.5,0.9,0.4,0.2,0.7228692,49925,0.07028887403433721
0.8,0.1,0.1,0.5,0.7228789,49925,0.056022749372812264
0.6,0.8,0.4,0.3,0.7229533,49925,0.0701864087624591
0.2,0.4,0.5,0.7,0.72296256,49925,0.08000874430334985
0.8,0.3,0.1,0.1,0.7230851,49925,0.053461225479732165
0.7,0.6,0.4,0.5,0.7231379,49925,0.07076339467663598
0.9,0.7,0.5,0.7,0.7233704,49925,0.07079183064985142
0.7,0.3,0.3,0.7,0.7234514,49925,0.06907816486811688
0.3,0.3,0.4,0.7,0.72364587,49925,0.07729110231969809
0.9,0.9,0.3,0.1,0.72369176,49925,0.06243124901220461
0.2,0.7,0.5,0.4,0.7237306,49925,0.07833506789530759
0.4,0.9,0.6,0.5,0.72391313,49925,0.07621385349131893
0.1,0.7,0.6,0.5,0.7242236,49925,0.0810601425781234
0.6,0.9,0.5,0.4,0.7243872,49925,0.07222031758447917
0.3,0.9,0.5,0.3,0.7244291,49925,0.07530441022951571
0.4,0.5,0.5,0.7,0.7245213,49925,0.07689161310897505
0.9,0.4,0.3,0.6,0.7245688,49925,0.06652037152138329
0.7,0.2,0.1,0.2,0.72458774,49925,0.05661626058203496
0.1,0.9,0.4,0.1,0.72459245,49925,0.07498432507347075
0.9,0.4,0.2,0.3,0.72467244,49925,0.06127839656526515
0.1,0.5,0.7,0.9,0.72472334,49925,0.0823208037421081
0.7,0.7,0.4,0.4,0.7247971,49925,0.06996476579247617
0.3,0.9,0.8,0.8,0.7248257,49925,0.07962230560424587
0.7,0.7,0.3,0.2,0.72485507,49925,0.06611816761100034
0.1,0.5,0.5,0.5,0.7249277,49925,0.08137928191342035
0.9,0.2,0.2,0.7,0.7250016,49925,0.062249225988490725
0.9,0.4,0.4,0.9,0.72506773,49925,0.06944646086797204
0.7,0.2,0.2,0.6,0.7251525,49925,0.06498749159079734
0.9,0.8,0.6,0.8,0.72524464,49925,0.07229945062575104
0.7,0.7,0.5,0.6,0.72539914,49925,0.07257007169591397
0.9,0.9,0.7,0.9,0.7254774,49925,0.07345350917413615
0.7,0.8,0.5,0.5,0.7255728,49925,0.07197326346984004
0.3,0.8,0.8,0.9,0.7256546,49925,0.07996379753701827
0.8,0.6,0.3,0.3,0.72586715,49925,0.06600243334454221
0.5,0.3,0.2,0.3,0.7258687,49925,0.06786776197106674
0.1,0.7,0.4,0.2,0.7261067,49925,0.0775607059232229
0.4,0.7,0.4,0.3,0.726349,49925,0.07337869060585964
0.7,0.4,0.3,0.5,0.7264415,49925,0.06880421413590015
0.4,0.8,0.5,0.4,0.7264958,49925,0.07502883442576114
0.2,0.2,0.2,0.3,0.7264965,49925,0.07561790664634828
0.6,0.6,0.6,0.9,0.7264965,49925,0.07561790664634828
0.4,0.4,0.4,0.6,0.7264965,49925,0.07561790664634828
0.1,0.4,0.5,0.6,0.7265242,49925,0.08184265387435377
0.8,0.5,0.3,0.4,0.72668797,49925,0.06690022961456218
0.5,0.9,0.8,0.9,0.7267566,49925,0.07782358890676833
0.5,0.4,0.5,0.9,0.72676635,49925,0.07573759979419532
0.2,0.6,0.4,0.3,0.7269194,49925,0.0772629547408061
0.4,0.6,0.3,0.2,0.7269287,49925,0.07087366814973849
0.2,0.9,0.9,0.9,0.72693366,49925,0.081233713077089
0.3,0.8,0.7,0.7,0.7269981,49925,0.0791883941967328
0.6,0.2,0.3,0.9,0.72722626,49925,0.06979051140876723
0.6,0.5,0.5,0.8,0.7274071,49925,0.07446237533189812
0.7,0.9,0.6,0.6,0.7275135,49925,0.07344513660209397
0.3,0.7,0.7,0.8,0.7275397,49925,0.07957575567023176
0.7,0.8,0.6,0.7,0.72758085,49925,0.07397027254130772
0.1,0.9,0.7,0.5,0.7276261,49925,0.08072060723681822
0.7,0.9,0.7,0.8,0.7276583,49925,0.07504216707259427
0.6,0.8,0.3,0.1,0.7277644,49925,0.0660810803899314
0.9,0.5,0.4,0.7,0.7277725,49925,0.06926754120617275
0.7,0.8,0.4,0.3,0.72779745,49925,0.06914716939934532
0.1,0.6,0.5,0.4,0.7278343,49925,0.08071033112102051
0.3,0.8,0.4,0.2,0.7278372,49925,0.07358384058711322
0.9,0.6,0.2,0.1,0.7278852,49925,0.059039027083396964
0.4,0.3,0.3,0.5,0.7279905,49925,0.07375491695985707
0.5,0.2,0.3,0.8,0.7280371,49925,0.07152046088903503
0.5,0.8,0.7,0.8,0.7281132,49925,0.07719814173111873
0.1,0.1,0.3,0.7,0.7283952,49925,0.0783627945719108
0.9,0.6,0.5,0.8,0.7284086,49925,0.07122871852057176
0.7,0.8,0.7,0.9,0.728412,49925,0.07541469899650337
0.5,0.5,0.3,0.3,0.7284453,49925,0.07054598644546471
0.6,0.1,0.1,0.4,0.7285441,49925,0.05914344961622765
0.4,0.5,0.6,0.9,0.72863966,49925,0.07803036048465538
0.1,0.2,0.4,0.7,0.72884274,49925,0.08075528836519065
0.9,0.7,0.6,0.9,0.728893,49925,0.0726931745017481
0.2,0.9,0.6,0.4,0.7289053,49925,0.07833321652002313
0.9,0.3,0.3,0.8,0.7289419,49925,0.06665969067348311
0.9,0.3,0.1,0.1,0.7289715,49925,0.05208715816432564
0.7,0.7,0.6,0.8,0.7290904,49925,0.07440660670145666
0.8,0.5,0.5,0.9,0.7291476,49925,0.07242149735765564
0.3,0.7,0.3,0.1,0.72916794,49925,0.0709730505238173
0.6,0.4,0.4,0.7,0.72921944,49925,0.07291347079622132
0.1,0.4,0.6,0.8,0.72922856,49925,0.08220970212014776
0.5,0.9,0.7,0.7,0.72925365,49925,0.07673939781711543
0.2,0.4,0.6,0.9,0.7292619,49925,0.08061570673818877
0.3,0.7,0.6,0.6,0.7292705,49925,0.07860378322222011
0.4,0.2,0.3,0.7,0.72928715,49925,0.07345578163074667
0.1,0.9,0.9,0.8,0.72929704,49925,0.0822412578729917
0.3,0.6,0.6,0.7,0.7294207,49925,0.07906242217599624
0.2,0.3,0.4,0.6,0.7294732,49925,0.07930444747728005
0.7,0.6,0.5,0.7,0.72949564,49925,0.07310949033928668
0.7,0.5,0.4,0.6,0.72953516,49925,0.07135333786159831
0.2,0.8,0.8,0.8,0.7296428,49925,0.0810456915912921
0.1,0.4,0.4,0.4,0.7296428,49925,0.0810456915912921
0.6,0.9,0.4,0.2,0.7297588,49925,0.06924474795275017
0.2,0.2,0.4,0.8,0.72976124,49925,0.07855123044011578
0.1,0.1,0.2,0.4,0.72976124,49925,0.07855123044011578
0.5,0.7,0.6,0.7,0.7298146,49925,0.0763820545400344
0.6,0.3,0.4,0.9,0.7298362,49925,0.07277837009412501
0.3,0.2,0.4,0.9,0.7298862,49925,0.07653931780524838
0.2,0.7,0.8,0.9,0.72995,49925,0.08137113342408081
0.2,0.9,0.8,0.7,0.7299503,49925,0.08064378464806135
0.8,0.7,0.4,0.4,0.7300258,49925,0.06895363303778342
0.5,0.6,0.5,0.6,0.7301442,49925,0.07529043428027875
0.8,0.3,0.2,0.4,0.7301664,49925,0.06339325256986787
0.1,0.8,0.9,0.9,0.7301759,49925,0.08256817985083853
0.5,0.8,0.6,0.6,0.73021084,49925,0.07587175820011895
0.7,0.9,0.5,0.4,0.73027676,49925,0.07127389309014223
0.6,0.3,0.3,0.6,0.7303919,49925,0.07058437933314257
0.2,0.1,0.1,0.2,0.7303919,49925,0.07058437933314257
0.4,0.2,0.2,0.4,0.7303919,49925,0.07058437933314257
0.8,0.4,0.4,0.8,0.7303919,49925,0.07058437933314257
0.3,0.9,0.7,0.6,0.7304136,49925,0.07867620995273117
0.3,0.6,0.7,0.9,0.7304538,49925,0.079866587648385
0.8,0.6,0.4,0.5,0.7304791,49925,0.06969994113996024
0.2,0.5,0.3,0.2,0.7304876,49925,0.07551921310810322
0.5,0.6,0.4,0.4,0.7305997,49925,0.07300542977178125
0.5,0.4,0.3,0.4,0.7307751,49925,0.07154140378784789
0.5,0.5,0.2,0.1,0.7308243,49925,0.06502346848701608
0.8,0.7,0.3,0.2,0.73108137,49925,0.06502426316603094
0.5,0.9,0.6,0.5,0.73108834,49925,0.07521345930969993
0.5,0.5,0.4,0.5,0.7311478,49925,0.07376775734693135
0.5,0.7,0.7,0.9,0.7311527,49925,0.07753922803457768
0.3,0.6,0.5,0.5,0.73136896,49925,0.07781335976651436
0.5,0.7,0.5,0.5,0.7315874,49925,0.07465308959596101
0.2,0.1,0.2,0.5,0.73163843,49925,0.0747657653620073
0.2,0.8,0.5,0.3,0.7321627,49925,0.07743692551559649
0.2,0.7,0.7,0.7,0.7322716,49925,0.08080532724433999
0.4,0.9,0.5,0.3,0.7323934,49925,0.07419405971061319
0.3,0.2,0.3,0.6,0.7325131,49925,0.07564036627850428
0.1,0.8,0.6,0.4,0.73263526,49925,0.08032989308465259
0.1,0.8,0.8,0.7,0.73264426,49925,0.08216457276612059
0.1,0.7,0.8,0.8,0.7326622,49925,0.08253733183488285
0.3,0.8,0.6,0.5,0.73268276,49925,0.0779915848814669
0.6,0.1,0.2,0.9,0.73292255,49925,0.06479724589297492
0.8,0.9,0.6,0.6,0.7329304,49925,0.07259926143679872
0.3,0.5,0.5,0.6,0.73305804,49925,0.07837715033599293
0.3,0.2,0.1,0.1,0.73307645,49925,0.06491446155227837
0.6,0.4,0.2,0.2,0.73307645,49925,0.06491446155227837
0.9,0.6,0.3,0.3,0.73307645,49925,0.06491446155227835
0.7,0.8,0.3,0.1,0.7331736,49925,0.06498217026573108
0.2,0.9,0.4,0.1,0.7332656,49925,0.07368272597000262
0.1,0.5,0.4,0.3,0.7333914,49925,0.08013870531367469
0.8,0.8,0.5,0.5,0.733434,49925,0.07103154472119162
0.8,0.2,0.1,0.2,0.7335666,49925,0.054977909600986724
0.9,0.1,0.1,0.5,0.7335769,49925,0.05477726099103421
0.8,0.7,0.5,0.6,0.73359436,49925,0.07164992171738155
0.2,0.8,0.7,0.6,0.73373073,49925,0.08035284187093218
0.8,0.8,0.4,0.3,0.7338203,49925,0.06814846919690143
0.5,0.3,0.4,0.8,0.73384196,49925,0.07429064423551864
0.5,0.6,0.6,0.8,0.7338777,49925,0.07678489864679763
0.4,0.9,0.8,0.8,0.73396486,49925,0.07878471130869821
0.3,0.5,0.6,0.8,0.7339911,49925,0.0793909545268368
0.2,0.4,0.2,0.1,0.7339937,49925,0.07228722769247901
0.4,0.8,0.4,0.2,0.7339937,49925,0.07228722769247901
0.4,0.4,0.5,0.8,0.73404664,49925,0.07715865181999401
0.1,0.6,0.3,0.1,0.7341228,49925,0.07576553658646214
0.7,0.6,0.6,0.9,0.7341764,49925,0.07474307897937633
0.4,0.8,0.8,0.9,0.7341899,49925,0.07913539026681415
0.3,0.7,0.5,0.4,0.7342153,49925,0.07707308680211129
0.8,0.9,0.7,0.8,0.734306,49925,0.07426884511763854
0.9,0.5,0.3,0.4,0.7344246,49925,0.06578413312996154
0.5,0.8,0.5,0.4,0.73447007,49925,0.07392372397448375
0.8,0.8,0.6,0.7,0.7345374,49925,0.07310054435964837
0.6,0.9,0.8,0.9,0.7346766,49925,0.07705726459492336
0.5,0.6,0.3,0.2,0.734743,49925,0.06942506436637512
0.8,0.9,0.5,0.4,0.7347509,49925,0.07036681561786384
0.3,0.1,0.2,0.6,0.73476034,49925,0.07166227213176994
0.3,0.5,0.4,0.4,0.73479086,49925,0.0766736663685197
0.2,0.1,0.3,0.8,0.7348497,49925,0.0758255793946402
0.7,0.9,0.4,0.2,0.7348695,49925,0.06824185612390259
0.1,0.3,0.4,0.5,0.7348764,49925,0.08156828240793819
0.1,0.9,0.5,0.2,0.73506194,49925,0.07761610227814467
0.2,0.6,0.7,0.8,0.7350994,49925,0.0811660452243689
0.8,0.8,0.7,0.9,0.73539793,49925,0.07464731396258445
0.3,0.3,0.5,0.9,0.7354765,49925,0.07835822153664411
0.8,0.3,0.3,0.7,0.7354945,49925,0.06794697216264287
0.4,0.8,0.7,0.7,0.7357563,49925,0.07823339719539216
0.5,0.5,0.5,0.7,0.7357909,49925,0.07574819420087528
0.2,0.6,0.6,0.6,0.73592263,49925,0.08047099895290499
0.3,0.9,0.9,0.9,0.73592263,49925,0.08047099895290499
0.1,0.3,0.3,0.3,0.73592263,49925,0.08047099895290499
0.5,0.7,0.4,0.3,0.736042,49925,0.07211709151745722
0.6,0.9,0.7,0.7,0.73638123,49925,0.07591043080414257
0.8,0.7,0.6,0.8,0.7364007,49925,0.07356381468304007
0.1,0.6,0.8,0.9,0.7364461,49925,0.0827859902519564
0.5,0.1,0.2,0.8,0.7364561,49925,0.0667685109339048
0.1,0.9,0.8,0.6,0.7364954,49925,0.08168958516395769
0.9,0.7,0.3,0.2,0.7365097,49925,0.06397459765994855
0.8,0.2,0.2,0.6,0.7365534,49925,0.06369115288378678
0.4,0.1,0.1,0.3,0.7365534,49925,0.06369115288378678
0.9,0.7,0.4,0.4,0.7366057,49925,0.06797675621651782
0.4,0.7,0.3,0.1,0.7366859,49925,0.06951018676474573
0.3,0.4,0.4,0.5,0.73681694,49925,0.07738276291203615
0.6,0.8,0.7,0.8,0.73682636,49925,0.07634531186095017
0.1,0.7,0.7,0.6,0.73689383,49925,0.08206185096729353
0.7,0.5,0.5,0.8,0.73690945,49925,0.07346678009308895
0.1,0.6,0.7,0.7,0.73698974,49925,0.08249108716056863
0.4,0.1,0.2,0.7,0.73707455,49925,0.06905127293756885
0.6,0.2,0.2,0.5,0.73717344,49925,0.06677562546996947
0.8,0.6,0.5,0.7,0.737427,49925,0.072160408125333
0.2,0.7,0.4,0.2,0.73746043,49925,0.07606610543531239
0.9,0.5,0.5,0.9,0.737505,49925,0.07153308892737786
0.4,0.7,0.7,0.8,0.7375536,49925,0.07863600868810174
0.6,0.5,0.3,0.3,0.7375989,49925,0.06914536892600794
0.8,0.8,0.3,0.1,0.7376375,49925,0.0639388840286339
0.8,0.4,0.3,0.5,0.73783857,49925,0.06760505662243335
0.2,0.7,0.6,0.5,0.73790556,49925,0.07993284396357661
0.2,0.9,0.7,0.5,0.73811376,49925,0.07973897674927125
0.6,0.8,0.6,0.6,0.73813957,49925,0.07491390227316423
0.3,0.4,0.3,0.3,0.73813957,49925,0.07491390227316423
0.9,0.6,0.4,0.5,0.7382088,49925,0.06869780935745264
0.9,0.8,0.5,0.5,0.73830867,49925,0.0701414595202659
0.1,0.3,0.5,0.7,0.738315,49925,0.08198485743386212
0.5,0.9,0.5,0.3,0.73831993,49925,0.07310798964524902
0.3,0.9,0.6,0.4,0.7383943,49925,0.07729304305239422
0.1,0.7,0.5,0.3,0.7384853,49925,0.07979013012499449
0.6,0.3,0.2,0.3,0.7385399,49925,0.06615216404176116
0.6,0.7,0.6,0.7,0.73860097,49925,0.07542427645500696
0.8,0.5,0.4,0.6,0.7386584,49925,0.07025718037791064
0.2,0.3,0.5,0.8,0.73867226,49925,0.08010340838995011
0.6,0.9,0.6,0.5,0.73883367,49925,0.07427365537378712
0.4,0.9,0.7,0.6,0.7388454,49925,0.07774118568240465
0.6,0.4,0.5,0.9,0.7388772,49925,0.07470802805074143
0.6,0.5,0.2,0.1,0.7389554,49925,0.0634819297587718
0.6,0.7,0.5,0.5,0.73909485,49925,0.07359702895792171
0.5,0.4,0.4,0.6,0.7391309,49925,0.07431203948742873
0.3,0.6,0.4,0.3,0.73916274,49925,0.07573748627773122
0.3,0.8,0.8,0.8,0.7392636,49925,0.08019741321251739
0.4,0.3,0.4,0.7,0.73933136,49925,0.07592335926638043
0.9,0.8,0.4,0.3,0.73936695,49925,0.06720132745685961
0.2,0.5,0.7,0.9,0.7394144,49925,0.08137067246735571
0.9,0.9,0.7,0.8,0.73948956,49925,0.07349359630471736
0.9,0.9,0.6,0.6,0.7395436,49925,0.07177906991357937
0.3,0.3,0.2,0.2,0.7395436,49925,0.07177906991357938
0.6,0.6,0.4,0.4,0.7395436,49925,0.07177906991357938
0.9,0.4,0.4,0.8,0.7395787,49925,0.06959998906018025
0.6,0.6,0.5,0.6,0.73963183,49925,0.07420164551870743
0.2,0.5,0.6,0.7,0.73966193,49925,0.0808796116406336
0.3,0.9,0.4,0.1,0.73970413,49925,0.07238977992895178
0.3,0.4,0.5,0.7,0.7397665,49925,0.07873910428771702
0.6,0.7,0.7,0.9,0.73980516,49925,0.07671012484103444
0.9,0.8,0.6,0.7,0.73987824,49925,0.0722784490447323
0.8,0.9,0.4,0.2,0.73990154,49925,0.06727655554808852
0.9,0.3,0.2,0.4,0.74000156,49925,0.06209658572234666
0.4,0.7,0.6,0.6,0.7401438,49925,0.07753442685798091
0.5,0.5,0.6,0.9,0.7401685,49925,0.07705228617674448
0.9,0.9,0.5,0.4,0.74021244,49925,0.06949925747666703
0.3,0.9,0.8,0.7,0.7402539,49925,0.07981041769391338
0.2,0.9,0.9,0.8,0.7402836,49925,0.08142792735874756
0.7,0.4,0.4,0.7,0.7402847,49925,0.071787507935814
0.4,0.6,0.7,0.9,0.7402866,49925,0.07896335475216569
0.6,0.5,0.4,0.5,0.7406093,49925,0.07251474268619436
0.9,0.7,0.5,0.6,0.740715,49925,0.07075765881039761
0.4,0.8,0.6,0.5,0.7408018,49925,0.07692979123519901
0.4,0.6,0.6,0.7,0.74088764,49925,0.07800908781478752
0.5,0.8,0.4,0.2,0.7409161,49925,0.07108317391199484
0.2,0.8,0.9,0.9,0.7409373,49925,0.08176298261187692
0.7,0.4,0.2,0.2,0.7410818,49925,0.06340020657074136
0.2,0.2,0.3,0.5,0.74125576,49925,0.07815409447892119
0.3,0.8,0.5,0.3,0.7413309,49925,0.07619912514906324
0.5,0.9,0.8,0.8,0.7414026,49925,0.07795878463762819
0.9,0.8,0.3,0.1,0.7414251,49925,0.06296166415187518
0.7,0.9,0.8,0.9,0.7414555,49925,0.0763247961638864
0.7,0.2,0.3,0.9,0.7415052,49925,0.06870525202769019
0.1,0.8,0.7,0.5,0.7415374,49925,0.08151506017054501
0.2,0.5,0.5,0.5,0.74155796,49925,0.08001559314392999
0.1,0.5,0.7,0.8,0.7416567,49925,0.08274000103167746
0.9,0.2,0.1,0.2,0.74168986,49925,0.05350824934895987
0.9,0.8,0.7,0.9,0.74181694,49925,0.07389628394228845
0.6,0.8,0.5,0.4,0.7420994,49925,0.07287729254027434
0.1,0.9,0.6,0.3,0.742226,49925,0.07948221645235092
0.3,0.1,0.3,0.9,0.7422316,49925,0.07360183913335254
0.6,0.4,0.3,0.4,0.7423968,49925,0.07007841298256745
0.6,0.6,0.3,0.2,0.74246496,49925,0.0680603887066128
0.1,0.8,0.4,0.1,0.74250054,49925,0.07619651172043397
0.3,0.3,0.3,0.4,0.7425304,49925,0.07582482845628069
0.6,0.6,0.6,0.8,0.7425304,49925,0.07582482845628069
0.1,0.6,0.6,0.5,0.74255544,49925,0.08193071924830893
0.7,0.3,0.4,0.9,0.74262,49925,0.07173044818388552
0.6,0.7,0.4,0.3,0.7427099,49925,0.070920918124225
0.5,0.8,0.8,0.9,0.7428901,49925,0.07832599082395686
0.7,0.3,0.3,0.6,0.74292976,49925,0.06928366283322132
0.1,0.2,0.5,0.9,0.7429345,49925,0.0809666531704211
0.9,0.7,0.6,0.8,0.7429489,49925,0.07273514043383453
0.2,0.9,0.5,0.2,0.74295646,49925,0.07638862888940672
0.4,0.6,0.5,0.5,0.74306774,49925,0.07657215980098518
0.3,0.7,0.8,0.9,0.74307233,49925,0.08048492720514652
0.2,0.6,0.5,0.4,0.7430965,49925,0.0793411156501816
0.7,0.9,0.7,0.7,0.74324507,49925,0.0750954770416489
0.1,0.5,0.6,0.6,0.7433087,49925,0.08242430977307445
0.5,0.3,0.3,0.5,0.7433709,49925,0.07219788677553594
0.1,0.4,0.3,0.2,0.7435503,49925,0.07919491699392599
0.2,0.8,0.6,0.4,0.7435503,49925,0.07919491699392599
0.3,0.5,0.3,0.2,0.7436385,49925,0.07362380018745407
0.6,0.2,0.3,0.8,0.74369615,49925,0.0703067171825661
0.8,0.6,0.6,0.9,0.74384844,49925,0.07389452698171853
0.3,0.7,0.7,0.7,0.74390024,49925,0.07982020665701123
0.1,0.8,0.9,0.8,0.7439261,49925,0.08282344370801024
0.7,0.1,0.1,0.4,0.7440086,49925,0.057493375611539846
0.5,0.7,0.3,0.1,0.7440806,49925,0.0681015028005299
0.7,0.8,0.7,0.8,0.7441716,49925,0.07551563401742323
0.3,0.4,0.6,0.9,0.74429333,49925,0.07955634852337198
0.1,0.3,0.6,0.9,0.7443038,49925,0.08211152732885366
0.4,0.7,0.5,0.4,0.7443062,49925,0.07583927614962552
0.9,0.9,0.4,0.2,0.74454814,49925,0.06635424157700937
0.7,0.8,0.6,0.6,0.74470884,49925,0.07399939577329076
0.3,0.8,0.7,0.6,0.7448731,49925,0.07936771350565466
0.4,0.9,0.9,0.9,0.74500424,49925,0.079711988578273
0.2,0.8,0.8,0.7,0.74511015,49925,0.08126034183936667
0.6,0.9,0.5,0.3,0.7453576,49925,0.07206960804223507
0.4,0.5,0.5,0.6,0.7453835,49925,0.07714222537770643
0.4,0.9,0.4,0.1,0.74543875,49925,0.071177418663136
0.9,0.6,0.5,0.7,0.7454444,49925,0.0712378125313661
0.1,0.9,0.9,0.7,0.74546117,49925,0.08244082438216878
0.9,0.3,0.3,0.7,0.7455217,49925,0.06687085049206072
0.7,0.5,0.3,0.3,0.74562293,49925,0.06782960204699401
0.8,0.5,0.5,0.8,0.7456938,49925,0.07253711859760129
0.2,0.7,0.8,0.8,0.74575603,49925,0.08162511971740886
0.4,0.5,0.6,0.8,0.74585664,49925,0.07834229123975454
0.5,0.4,0.5,0.8,0.74589324,49925,0.07603786404066572
0.5,0.8,0.7,0.7,0.745998,49925,0.07733388782023301
0.7,0.5,0.2,0.1,0.7460509,49925,0.0620485867855842
0.4,0.9,0.6,0.4,0.7461099,49925,0.0762561960544259
0.1,0.7,0.9,0.9,0.7462536,49925,0.08311703966721158
0.9,0.4,0.3,0.5,0.7462804,49925,0.06646217991887285
0.7,0.9,0.6,0.5,0.746332,49925,0.07339162839823846
0.7,0.7,0.6,0.7,0.7463437,49925,0.07450938918619975
0.6,0.5,0.5,0.7,0.7464697,49925,0.07465910689771507
0.7,0.7,0.5,0.5,0.7465012,49925,0.07256719343307391
0.5,0.9,0.7,0.6,0.7465257,49925,0.07682215198542806
0.2,0.6,0.3,0.1,0.7465527,49925,0.07390128529315772
0.5,0.7,0.7,0.8,0.7467646,49925,0.07774286544804244
0.7,0.6,0.4,0.4,0.74701476,49925,0.07062154680233419
0.7,0.7,0.7,0.9,0.74703974,49925,0.07587472937825598
0.9,0.2,0.2,0.6,0.74704003,49925,0.06246593138692584
0.2,0.4,0.5,0.6,0.7470849,49925,0.08047636824873837
0.3,0.7,0.4,0.2,0.74713594,49925,0.07462746181932266
0.4,0.5,0.4,0.4,0.7471809,49925,0.07522411426284216
0.9,0.5,0.4,0.6,0.74755853,49925,0.06926198744359412
0.1,0.6,0.4,0.2,0.74761397,49925,0.07892194862323137
0.5,0.2,0.3,0.7,0.7476364,49925,0.07205791104742296
0.2,0.4,0.6,0.8,0.7476639,49925,0.08108026002915134
0.1,0.2,0.3,0.4,0.7476639,49925,0.08108026002915134
0.3,0.6,0.7,0.8,0.7479017,49925,0.08016412181558362
0.7,0.8,0.5,0.4,0.748013,49925,0.07187573837377056
0.1,0.7,0.6,0.4,0.7480691,49925,0.08125607838513757
0.2,0.9,0.8,0.6,0.7481166,49925,0.08080555515929852
0.6,0.3,0.4,0.8,0.7481561,49925,0.07311751177963668
0.3,0.9,0.7,0.5,0.7482497,49925,0.07876812412221676
0.3,0.4,0.2,0.1,0.74829286,49925,0.06996315103519156
0.6,0.8,0.4,0.2,0.74829286,49925,0.06996315103519156
0.8,0.9,0.8,0.9,0.74831027,49925,0.07560254166686578
0.7,0.6,0.5,0.6,0.74841416,49925,0.07315450989627803
0.5,0.2,0.2,0.4,0.7485561,49925,0.06867933982213899
0.8,0.9,0.7,0.7,0.74863195,49925,0.07428999617961148
0.1,0.4,0.6,0.7,0.7486834,49925,0.0826972126309578
0.5,0.7,0.6,0.6,0.748735,49925,0.07648970502878541
0.4,0.9,0.8,0.7,0.74888533,49925,0.07893728073089834
0.4,0.2,0.1,0.1,0.7488862,49925,0.06201290079379773
0.8,0.4,0.2,0.2,0.7488862,49925,0.06201290079379773
0.4,0.2,0.4,0.9,0.74900454,49925,0.07532654573003136
0.7,0.1,0.2,0.9,0.74905443,49925,0.06367847760961064
0.7,0.7,0.4,0.3,0.74918073,49925,0.06979722875246445
0.2,0.6,0.8,0.9,0.74918664,49925,0.08189694303146282
0.4,0.6,0.4,0.3,0.74928135,49925,0.0742823205349698
0.5,0.8,0.6,0.5,0.7493739,49925,0.0758922109453821
0.2,0.4,0.4,0.4,0.7495413,49925,0.07932546894289799
0.4,0.8,0.8,0.8,0.7495413,49925,0.07932546894289799
0.1,0.2,0.2,0.2,0.7495413,49925,0.07932546894289799
0.3,0.6,0.6,0.6,0.7495413,49925,0.07932546894289798
0.8,0.4,0.4,0.7,0.7497067,49925,0.07071496530826071
0.6,0.9,0.8,0.8,0.74975973,49925,0.07718250902973066
0.4,0.8,0.5,0.3,0.74994224,49925,0.074999636739536
0.1,0.8,0.5,0.2,0.75015104,49925,0.07873002834451213
0.3,0.2,0.4,0.8,0.7501516,49925,0.0771904326512652
0.1,0.9,0.7,0.4,0.75017893,49925,0.08084927177497078
0.7,0.4,0.5,0.9,0.7501822,49925,0.07371823530251058
0.3,0.3,0.4,0.6,0.75018615,49925,0.07777221450492475
0.2,0.8,0.4,0.1,0.7503382,49925,0.07478210010947733
0.1,0.7,0.8,0.7,0.75036824,49925,0.08282169181842866
0.7,0.3,0.2,0.3,0.75044394,49925,0.06457324725441298
0.6,0.7,0.3,0.1,0.75045896,49925,0.06682188241193823
0.2,0.7,0.7,0.6,0.75059175,49925,0.08103463797340965
0.8,0.8,0.7,0.8,0.7506692,49925,0.0747224802876336
0.4,0.4,0.3,0.3,0.75067586,49925,0.07311273192857903
0.8,0.8,0.6,0.6,0.75067586,49925,0.07311273192857903
0.6,0.5,0.6,0.9,0.75071895,49925,0.07608581831806266
0.3,0.7,0.6,0.5,0.7507332,49925,0.07877641883512614
0.7,0.2,0.2,0.5,0.75073373,49925,0.06528321109578546
0.7,0.6,0.3,0.2,0.7507911,49925,0.06679155377165626
0.6,0.4,0.4,0.6,0.7508023,49925,0.07306052085445765
0.3,0.2,0.2,0.3,0.7508023,49925,0.07306052085445765
0.9,0.6,0.6,0.9,0.7508023,49925,0.07306052085445765
0.3,0.9,0.9,0.8,0.75080454,49925,0.08064115215736445
0.5,0.6,0.6,0.7,0.7508487,49925,0.07695810134358058
0.7,0.5,0.4,0.5,0.7508955,49925,0.07134492342812644
0.2,0.7,0.5,0.3,0.75093275,49925,0.07841118861040333
0.7,0.6,0.6,0.8,0.75107443,49925,0.07489435886292695
0.5,0.9,0.4,0.1,0.751079,49925,0.07001298152092837
0.8,0.9,0.6,0.5,0.75114316,49925,0.07251583452625077
0.1,0.4,0.7,0.9,0.75114816,49925,0.08280791834278362
0.1,0.8,0.8,0.6,0.75116813,49925,0.08237711074136345
0.6,0.8,0.8,0.9,0.7512561,49925,0.07754048956986813
0.1,0.5,0.5,0.4,0.75130737,49925,0.08174247539379964
0.4,0.4,0.4,0.5,0.75150216,49925,0.07590060407674458
0.3,0.9,0.5,0.2,0.7515077,49925,0.07520456946712474
0.5,0.6,0.7,0.9,0.75153875,49925,0.07803137725159985
0.2,0.5,0.4,0.3,0.7515757,49925,0.07844305587101817
0.4,0.3,0.5,0.9,0.75166655,49925,0.07723227259391273
0.2,0.6,0.7,0.7,0.75167197,49925,0.08144184969640612
0.2,0.9,0.6,0.3,0.7520187,49925,0.07835858197225094
0.3,0.8,0.9,0.9,0.7520709,49925,0.08095359305816965
0.8,0.5,0.2,0.1,0.75226796,49925,0.06074692821942275
0.7,0.9,0.5,0.3,0.75228506,49925,0.07110145456842094
0.4,0.7,0.8,0.9,0.752407,49925,0.07963721457453783
0.1,0.4,0.5,0.5,0.7525598,49925,0.08233261298416036
0.8,0.7,0.6,0.7,0.75265014,49925,0.07360145322427314
0.7,0.4,0.3,0.4,0.7527298,49925,0.06872281915581417
0.5,0.6,0.5,0.5,0.7528336,49925,0.07539340249987529
0.4,0.2,0.3,0.6,0.75284904,49925,0.07400800252092953
0.1,0.6,0.8,0.8,0.75285697,49925,0.08311426772354812
0.5,0.9,0.6,0.4,0.7528645,49925,0.07522317930862649
0.6,0.8,0.7,0.7,0.75292784,49925,0.0764491764009406
0.5,0.9,0.9,0.9,0.75293714,49925,0.07893714409732987
0.5,0.7,0.5,0.4,0.7531009,49925,0.07464689687902
0.6,0.9,0.7,0.6,0.7531449,49925,0.07593853687648063
0.1,0.1,0.4,0.9,0.7532084,49925,0.07895972884415527
0.8,0.5,0.3,0.3,0.753438,49925,0.06659732404682228
0.8,0.7,0.5,0.5,0.7534561,49925,0.07157208004113481
0.4,0.3,0.2,0.2,0.75356865,49925,0.06951983858870017
0.8,0.6,0.4,0.4,0.75356865,49925,0.06951983858870017
0.4,0.7,0.7,0.7,0.75374436,49925,0.07882843544023234
0.2,0.8,0.7,0.5,0.75385475,49925,0.08049084886498344
0.4,0.4,0.5,0.7,0.7538738,49925,0.07748847818980127
0.3,0.5,0.6,0.7,0.7538784,49925,0.07972692985632203
0.7,0.8,0.4,0.2,0.7541023,49925,0.06889290530213173
0.9,0.9,0.8,0.9,0.75414586,49925,0.0748848244854815
0.3,0.8,0.6,0.4,0.75415397,49925,0.07805881977294943
0.8,0.3,0.4,0.9,0.75416875,49925,0.07071753983761606
0.8,0.3,0.3,0.6,0.75424534,49925,0.068068140851217
0.9,0.9,0.7,0.7,0.7544247,49925,0.07350221991922382
0.2,0.2,0.4,0.7,0.7545184,49925,0.0792863163637017
0.8,0.8,0.5,0.4,0.754658,49925,0.07091254448660107
0.8,0.7,0.7,0.9,0.7546798,49925,0.07505881370915786
0.4,0.5,0.3,0.2,0.75472134,49925,0.07190965226873568
0.9,0.5,0.5,0.8,0.75484407,49925,0.07162228468760798
0.5,0.3,0.4,0.7,0.7549039,49925,0.07461633506693523
0.4,0.8,0.7,0.6,0.7550223,49925,0.07835947395352034
0.6,0.1,0.2,0.8,0.75503343,49925,0.06546487826173604
0.3,0.5,0.7,0.9,0.7550362,49925,0.08039661276915144
0.8,0.2,0.3,0.9,0.75510985,49925,0.0676242210077091
0.8,0.7,0.4,0.3,0.7551214,49925,0.06872310954725579
0.6,0.7,0.7,0.8,0.75512576,49925,0.07684652464080131
0.1,0.2,0.4,0.6,0.7551427,49925,0.08159774748517519
0.4,0.7,0.4,0.2,0.7551566,49925,0.07324719554607283
0.3,0.8,0.8,0.7,0.755499,49925,0.08036997216433235
0.3,0.5,0.5,0.5,0.75558054,49925,0.07864004332124934
0.7,0.7,0.3,0.1,0.7557042,49925,0.06563059525634202
0.7,0.5,0.5,0.7,0.7557424,49925,0.07362597912360588
0.8,0.6,0.5,0.6,0.75574255,49925,0.07216375671428486
0.8,0.6,0.3,0.2,0.7557648,49925,0.0655983766542969
0.2,0.8,0.9,0.8,0.75581074,49925,0.0819856413272968
0.7,0.9,0.8,0.8,0.7559392,49925,0.07640025231776078
0.6,0.9,0.4,0.1,0.75595385,49925,0.06889729653832374
0.8,0.1,0.1,0.4,0.75595546,49925,0.05599318925622471
0.9,0.8,0.7,0.8,0.7561602,49925,0.07393080028705185
0.3,0.6,0.3,0.1,0.7561677,49925,0.07217532953475123
0.2,0.5,0.7,0.8,0.7563895,49925,0.08173960198952138
0.9,0.4,0.2,0.2,0.7563968,49925,0.060733644376319194
0.4,0.9,0.7,0.5,0.75640666,49925,0.0778059097730875
0.3,0.9,0.8,0.6,0.7565125,49925,0.07990090812756301
0.3,0.6,0.5,0.4,0.75679207,49925,0.07796646742064091
0.5,0.1,0.1,0.3,0.7568413,49925,0.06135204113683678
0.3,0.3,0.5,0.8,0.7568598,49925,0.07886549366800388
0.5,0.8,0.5,0.3,0.75697976,49925,0.07384267016900395
0.8,0.9,0.5,0.3,0.7570554,49925,0.07017436570387019
0.5,0.5,0.4,0.4,0.7571655,49925,0.07380479666288661
0.5,0.8,0.8,0.8,0.75717473,49925,0.07847542842809893
0.2,0.9,0.9,0.7,0.7572079,49925,0.0816116715469393
0.1,0.6,0.7,0.6,0.75727886,49925,0.08280410896266062
0.1,0.9,0.8,0.5,0.7573449,49925,0.08184509283796744
0.6,0.7,0.6,0.6,0.7573525,49925,0.07549754353385614
0.5,0.5,0.5,0.6,0.7573602,49925,0.07594922137222124
0.9,0.8,0.6,0.6,0.7574148,49925,0.07225555269341281
0.5,0.5,0.6,0.8,0.75748795,49925,0.07729580586480056
0.6,0.3,0.3,0.5,0.7575434,49925,0.07074828841307917
0.7,0.8,0.8,0.9,0.7576327,49925,0.07675605738440737
0.6,0.8,0.6,0.5,0.757672,49925,0.07488420841219448
0.2,0.3,0.4,0.5,0.757735,49925,0.07987591412827164
0.4,0.4,0.6,0.9,0.75775373,49925,0.07851804155279543
0.5,0.9,0.8,0.7,0.75775975,49925,0.07806568395536696
0.6,0.4,0.5,0.8,0.75779843,49925,0.07494555032968793
0.7,0.2,0.3,0.8,0.75789094,49925,0.06911413219816599
0.1,0.5,0.8,0.9,0.7580242,49925,0.08328345549676894
0.3,0.7,0.8,0.8,0.7581768,49925,0.08071517424212037
0.4,0.9,0.5,0.2,0.7582001,49925,0.07405474282954311
0.9,0.9,0.6,0.5,0.7582791,49925,0.07170249914195952
0.4,0.6,0.7,0.8,0.7583254,49925,0.07920460895660332
0.2,0.6,0.6,0.5,0.7583849,49925,0.08071941293977711
0.9,0.5,0.2,0.1,0.7584196,49925,0.05956597738582248
0.1,0.8,0.6,0.3,0.7584747,49925,0.08043951563472765
0.6,0.9,0.6,0.4,0.7586311,49925,0.07425227322416726
0.2,0.7,0.9,0.9,0.7586589,49925,0.08226077332624496
0.5,0.1,0.2,0.7,0.7587061,49925,0.06754688706893425
0.1,0.6,0.5,0.3,0.75872093,49925,0.08090915901506089
0.2,0.9,0.7,0.4,0.75900584,49925,0.0798539361190948
0.8,0.5,0.4,0.5,0.75901,49925,0.07022878025300817
0.5,0.6,0.4,0.3,0.75922245,49925,0.07293542195120853
0.4,0.4,0.2,0.1,0.75924873,49925,0.0678646134123984
0.8,0.8,0.4,0.2,0.75924873,49925,0.0678646134123984
0.1,0.1,0.3,0.6,0.75925946,49925,0.079544594591313
0.4,0.9,0.9,0.8,0.7593116,49925,0.07985270469410045
0.4,0.3,0.3,0.4,0.7593298,49925,0.07400797348451375
0.8,0.6,0.6,0.8,0.7593298,49925,0.07400797348451375
0.7,0.9,0.7,0.6,0.75941646,49925,0.0750675973976252
0.3,0.8,0.4,0.1,0.7594315,49925,0.07338255727009503
0.9,0.7,0.5,0.5,0.7595182,49925,0.07063925049503478
0.9,0.7,0.6,0.7,0.7595255,49925,0.07274026828548737
0.7,0.8,0.7,0.7,0.7595984,49925,0.07557053737946448
0.7,0.9,0.4,0.1,0.7598236,49925,0.06784960295912426
0.1,0.7,0.7,0.5,0.759884,49925,0.08228665175580696
0.2,0.5,0.6,0.6,0.7599529,49925,0.0812027305989647
0.9,0.4,0.4,0.7,0.7600163,49925,0.0696775744741334
0.1,0.8,0.9,0.7,0.76003987,49925,0.08304541918910237
0.9,0.7,0.4,0.3,0.7601035,49925,0.06769253217396026
0.2,0.3,0.5,0.7,0.7601168,49925,0.08064680076177055
0.8,0.4,0.5,0.9,0.76017565,49925,0.07276074312509187
0.7,0.3,0.4,0.8,0.7601948,49925,0.07199646148229165
0.9,0.8,0.5,0.4,0.76022404,49925,0.06999381072987831
0.4,0.6,0.6,0.6,0.7602448,49925,0.07820183954723726
0.2,0.3,0.3,0.3,0.7602448,49925,0.07820183954723726
0.6,0.9,0.9,0.9,0.7602448,49925,0.07820183954723728
0.7,0.5,0.6,0.9,0.7603211,49925,0.07515365804553091
0.3,0.9,0.6,0.3,0.76034796,49925,0.07727764214686163
0.2,0.6,0.4,0.2,0.76034796,49925,0.07727764214686163
0.1,0.3,0.2,0.1,0.76034796,49925,0.07727764214686163
0.8,0.3,0.2,0.3,0.7603565,49925,0.06311028810182746
0.4,0.7,0.6,0.5,0.7605574,49925,0.07762848135009863
0.9,0.6,0.4,0.4,0.7605854,49925,0.06847247512779092
0.9,0.6,0.3,0.2,0.76075834,49925,0.06448538126310745
0.8,0.4,0.3,0.4,0.76076734,49925,0.0674593757130185
0.2,0.8,0.5,0.2,0.76083124,49925,0.07738779222495498
0.9,0.5,0.3,0.3,0.76084346,49925,0.06543893110006195
0.7,0.4,0.4,0.6,0.76092935,49925,0.07186146827645862
0.1,0.5,0.7,0.7,0.7611003,49925,0.08313396526647063
0.6,0.6,0.6,0.7,0.76123047,49925,0.07597426528246638
0.6,0.6,0.7,0.9,0.76139355,49925,0.07713639754145867
0.2,0.7,0.6,0.4,0.76141125,49925,0.08007371784724705
0.6,0.6,0.5,0.5,0.7615845,49925,0.07424140000285735
0.1,0.5,0.3,0.1,0.76160884,49925,0.07746509909521297
0.8,0.7,0.3,0.1,0.76165974,49925,0.06450747006008883
0.4,0.8,0.9,0.9,0.76169664,49925,0.08016169575534364
0.3,0.7,0.5,0.3,0.76197773,49925,0.07710876565020912
0.9,0.9,0.5,0.3,0.7620001,49925,0.06927477407053227
0.5,0.7,0.8,0.9,0.76204014,49925,0.07879467235925076
0.2,0.1,0.3,0.7,0.76205,49925,0.07681394974330284
0.6,0.7,0.5,0.4,0.76213366,49925,0.07352812684589936
0.8,0.2,0.2,0.5,0.76215184,49925,0.06387367478346881
0.9,0.7,0.7,0.9,0.7621529,49925,0.07428239323317129
0.8,0.9,0.8,0.8,0.762185,49925,0.0756444179383348
0.3,0.7,0.7,0.6,0.76219875,49925,0.08000541823412256
0.2,0.4,0.3,0.2,0.7623318,49925,0.07697689194170929
0.4,0.8,0.6,0.4,0.7623318,49925,0.07697689194170929
0.1,0.7,0.9,0.8,0.76243275,49925,0.08336622458393632
0.1,0.2,0.5,0.8,0.7627386,49925,0.08170615105720092
0.3,0.1,0.2,0.5,0.7627829,49925,0.07262058871235973
0.3,0.6,0.8,0.9,0.76279795,49925,0.0810060030964399
0.1,0.3,0.5,0.6,0.7629273,49925,0.08262042066460659
0.5,0.7,0.7,0.7,0.7629683,49925,0.07788776318390388
0.9,0.6,0.5,0.6,0.76299864,49925,0.07120317131011936
0.5,0.4,0.3,0.3,0.76302457,49925,0.07143070876986855
0.5,0.8,0.7,0.6,0.76302505,49925,0.07741312953085178
0.4,0.1,0.2,0.6,0.7631452,49925,0.06987694151042911
0.5,0.2,0.1,0.1,0.76323533,49925,0.05954071126174792
0.2,0.7,0.8,0.7,0.76328605,49925,0.08188020576013623
0.5,0.7,0.4,0.2,0.7634272,49925,0.07192400172732646
0.8,0.1,0.2,0.9,0.76346725,49925,0.0626108297230368
0.5,0.9,0.7,0.5,0.763563,49925,0.0768678167039824
0.6,0.8,0.5,0.3,0.7635996,49925,0.07276834871154408
0.7,0.7,0.7,0.8,0.7636093,49925,0.07599180615513705
0.5,0.4,0.4,0.5,0.7636502,49925,0.0744794856795506
0.1,0.7,0.4,0.1,0.76375973,49925,0.07754239467811669
0.7,0.8,0.6,0.5,0.7638132,49925,0.07395252855251819
0.3,0.8,0.7,0.5,0.76387775,49925,0.079466042449872
0.3,0.4,0.6,0.8,0.76390374,49925,0.07995415145107092
0.6,0.2,0.3,0.7,0.76391584,49925,0.07071106543353302
0.4,0.6,0.3,0.1,0.7640929,49925,0.07053068555195362
0.9,0.8,0.4,0.2,0.76414585,49925,0.06686810840328888
0.3,0.4,0.5,0.6,0.76419026,49925,0.07912444271827014
0.3,0.1,0.3,0.8,0.76420647,49925,0.07442719011839241
0.5,0.9,0.5,0.2,0.7642216,49925,0.07297651667977416
0.7,0.7,0.6,0.6,0.76428,49925,0.07453857404171438
0.5,0.5,0.3,0.2,0.7643147,49925,0.07030164288167425
0.1,0.9,0.9,0.6,0.7643184,49925,0.08259425059615909
0.8,0.9,0.4,0.1,0.7644065,49925,0.06688511486326186
0.2,0.3,0.6,0.9,0.76442665,49925,0.08104615743362377
0.2,0.8,0.8,0.6,0.76447576,49925,0.08143832529604193
0.1,0.4,0.4,0.3,0.76447576,49925,0.08143832529604193
0.3,0.2,0.3,0.5,0.7646431,49925,0.07622190464483371
0.5,0.3,0.5,0.9,0.76479596,49925,0.07613402599516671
0.1,0.9,0.5,0.1,0.7648739,49925,0.07756244360596616
0.7,0.9,0.6,0.4,0.76503617,49925,0.07334218397867273
0.1,0.8,0.7,0.4,0.7650564,49925,0.08166517822472263
0.9,0.3,0.4,0.9,0.765076,49925,0.06974409495227976
0.4,0.3,0.4,0.6,0.76507944,49925,0.0762994786902124
0.3,0.6,0.7,0.7,0.76509506,49925,0.08040799990124
0.6,0.9,0.8,0.7,0.76527876,49925,0.0772497833835153
0.8,0.9,0.7,0.6,0.7652976,49925,0.07425247675804551
0.1,0.3,0.6,0.8,0.7653487,49925,0.08267105411190108
0.3,0.5,0.4,0.3,0.76539785,49925,0.07675487205594023
0.4,0.8,0.8,0.7,0.7655029,49925,0.07948018012392238
0.5,0.2,0.4,0.9,0.76565653,49925,0.07414585347405722
0.4,0.8,0.4,0.1,0.76568717,49925,0.07210030471268854
0.8,0.5,0.5,0.7,0.7656964,49925,0.07262995006394247
0.3,0.4,0.4,0.4,0.765823,49925,0.07766000732338689
0.6,0.8,0.8,0.8,0.765823,49925,0.07766000732338689
0.4,0.9,0.8,0.6,0.7658418,49925,0.07902142474907208
0.8,0.8,0.8,0.9,0.76591104,49925,0.07599982637050261
0.1,0.6,0.9,0.9,0.76604044,49925,0.08358547047339097
0.4,0.1,0.3,0.9,0.7661773,49925,0.0723339266246697
0.3,0.1,0.1,0.2,0.76619357,49925,0.06694997003238914
0.9,0.3,0.3,0.6,0.76619357,49925,0.06694997003238914
0.6,0.2,0.2,0.4,0.76619357,49925,0.06694997003238914
0.2,0.6,0.8,0.8,0.76627034,49925,0.0821772590120955
0.1,0.3,0.4,0.4,0.76627034,49925,0.0821772590120955
0.2,0.2,0.5,0.9,0.76642853,49925,0.07985320395367587
0.6,0.5,0.5,0.6,0.7664411,49925,0.07479295680901614
0.8,0.8,0.7,0.7,0.76652265,49925,0.07474324474663115
0.1,0.5,0.6,0.5,0.76663566,49925,0.08278559464682093
0.4,0.5,0.7,0.9,0.7666786,49925,0.07945092684780458
0.9,0.7,0.3,0.1,0.7667233,49925,0.06344648645583656
0.4,0.5,0.6,0.7,0.76678956,49925,0.07861810559679351
0.5,0.9,0.9,0.8,0.7670163,49925,0.07908225024986387
0.3,0.9,0.9,0.7,0.7671076,49925,0.08079411391786007
0.9,0.5,0.4,0.5,0.7672528,49925,0.06915223761132813
0.4,0.6,0.5,0.4,0.76735705,49925,0.07663322276367424
0.7,0.9,0.9,0.9,0.7674064,49925,0.07747535550304695
0.5,0.4,0.5,0.7,0.7674529,49925,0.07630452441656393
0.6,0.5,0.6,0.8,0.76746875,49925,0.0762949025391212
0.3,0.8,0.9,0.8,0.76749635,49925,0.08114568693962472
0.2,0.4,0.6,0.7,0.7676932,49925,0.08151931171379205
0.4,0.7,0.8,0.8,0.7677458,49925,0.07983725035861643
0.6,0.5,0.4,0.4,0.767761,49925,0.07247033466078406
0.9,0.6,0.6,0.8,0.76776546,49925,0.07312948434774472
0.6,0.6,0.4,0.3,0.7677879,49925,0.07163317616407396
0.5,0.3,0.2,0.2,0.7678185,49925,0.0674869826983044
0.1,0.7,0.8,0.6,0.7678313,49925,0.08306479958109796
0.2,0.9,0.8,0.5,0.7678903,49925,0.08093069232652655
0.2,0.5,0.5,0.4,0.76811624,49925,0.08028755947892813
0.4,0.9,0.6,0.3,0.7682819,49925,0.07620097038624202
0.9,0.2,0.3,0.9,0.7682964,49925,0.06661467151902215
0.9,0.1,0.1,0.4,0.7683633,49925,0.05461845208539714
0.9,0.9,0.8,0.8,0.768486,49925,0.07490929708475762
0.7,0.4,0.5,0.8,0.7685073,49925,0.07391194625683846
0.4,0.5,0.5,0.5,0.76861715,49925,0.07733341580658874
0.6,0.3,0.4,0.7,0.76863205,49925,0.07336750502138939
0.2,0.4,0.7,0.9,0.76865643,49925,0.08184408607259337
0.3,0.9,0.7,0.4,0.76866275,49925,0.07880103049781147
0.7,0.6,0.6,0.7,0.7687421,49925,0.07499593546653507
0.1,0.6,0.6,0.4,0.76876867,49925,0.08218154140046403
0.8,0.5,0.6,0.9,0.7688473,49925,0.07426725247518737
0.1,0.9,0.6,0.2,0.7688947,49925,0.07953972525411944
0.9,0.9,0.4,0.1,0.7689045,49925,0.06594761658033181
0.9,0.3,0.2,0.3,0.76904917,49925,0.061774115837141666
0.5,0.7,0.6,0.5,0.7691553,49925,0.07653929597371721
0.9,0.4,0.3,0.4,0.76930475,49925,0.066246528596828
0.7,0.6,0.7,0.9,0.7693454,49925,0.07630134247861534
0.5,0.6,0.7,0.8,0.76939726,49925,0.07824670423898078
0.6,0.9,0.5,0.2,0.7694166,49925,0.07193397720588246
0.5,0.4,0.2,0.1,0.7694402,49925,0.06594013780556356
0.9,0.4,0.5,0.9,0.76950884,49925,0.07185172101279858
0.7,0.7,0.5,0.4,0.769522,49925,0.07248614636490838
0.1,0.7,0.5,0.2,0.7697197,49925,0.07987211581234296
0.2,0.8,0.6,0.3,0.76978993,49925,0.07924952967757506
0.3,0.7,0.9,0.9,0.76986957,49925,0.08143666912056863
0.6,0.7,0.4,0.2,0.77001065,49925,0.07068984320472993
0.7,0.3,0.3,0.5,0.77002627,49925,0.06934658065032161
0.2,0.1,0.2,0.4,0.7701425,49925,0.07587197226711381
0.4,0.2,0.4,0.8,0.7701425,49925,0.07587197226711381
0.7,0.8,0.5,0.3,0.7702598,49925,0.07172751363636305
0.6,0.7,0.8,0.9,0.77030957,49925,0.07798699755014205
0.7,0.6,0.5,0.5,0.77034575,49925,0.0731455878650856
0.8,0.8,0.6,0.5,0.7705005,49925,0.07304332515800233
0.5,0.4,0.6,0.9,0.7705349,49925,0.07746354007026943
0.4,0.7,0.5,0.3,0.77053756,49925,0.07583206842751156
0.3,0.8,0.5,0.2,0.77066827,49925,0.0761213852194999
0.1,0.4,0.7,0.8,0.7706757,49925,0.08328467331490097
0.5,0.8,0.9,0.9,0.77071935,49925,0.0794019492581226
0.5,0.6,0.3,0.1,0.77075917,49925,0.06900432848104468
0.7,0.1,0.2,0.8,0.77084804,49925,0.06424634642968897
0.1,0.6,0.8,0.7,0.77095217,49925,0.08341985191991749
0.9,0.9,0.7,0.6,0.7711265,49925,0.07345056399075887
0.3,0.6,0.4,0.2,0.7711433,49925,0.07567394356162926
0.6,0.8,0.7,0.6,0.7711596,49925,0.07648516013982701
0.8,0.7,0.7,0.8,0.77117115,49925,0.0751361511865692
0.2,0.8,0.9,0.7,0.77120113,49925,0.08219194003801505
0.6,0.9,0.7,0.5,0.77132994,49925,0.07594757537700962
0.2,0.6,0.7,0.6,0.7713754,49925,0.08173556591585647
0.3,0.6,0.6,0.5,0.7714148,49925,0.07953702442069265
0.8,0.9,0.6,0.4,0.7715483,49925,0.07244859244291539
0.5,0.8,0.6,0.4,0.7715514,49925,0.0758926290183388
0.3,0.5,0.7,0.8,0.7717031,49925,0.0807267142322132
0.4,0.2,0.2,0.3,0.77176106,49925,0.07075184559143602
0.8,0.4,0.4,0.6,0.77176106,49925,0.07075184559143602
0.8,0.7,0.6,0.6,0.7717667,49925,0.07359095819237692
0.5,0.6,0.6,0.6,0.7718783,49925,0.07711395426647413
0.8,0.2,0.3,0.8,0.7718874,49925,0.06796979879333187
0.8,0.3,0.4,0.8,0.77201676,49925,0.07091917461338866
0.6,0.5,0.3,0.2,0.77207565,49925,0.06879513341607106
0.7,0.9,0.8,0.7,0.7720925,49925,0.0764438460496251
0.5,0.8,0.4,0.1,0.77226007,49925,0.07084764349912444
0.2,0.4,0.5,0.5,0.7723006,49925,0.08086124369874406
0.2,0.5,0.8,0.9,0.7723303,49925,0.08234987130604943
0.5,0.2,0.3,0.6,0.7724006,49925,0.07246964345472513
0.2,0.6,0.5,0.3,0.77257633,49925,0.07944854909314465
0.2,0.7,0.7,0.5,0.7725923,49925,0.08122530550167513
0.4,0.3,0.5,0.8,0.77260405,49925,0.07764347691855267
0.9,0.8,0.8,0.9,0.7726473,49925,0.0752589323185747
0.9,0.2,0.2,0.5,0.7727339,49925,0.06257185641216954
0.1,0.5,0.4,0.2,0.77274615,49925,0.0803194107884961
0.9,0.5,0.5,0.7,0.7728029,49925,0.07165902565241895
0.9,0.1,0.2,0.9,0.7728256,49925,0.06160037990687641
0.4,0.8,0.7,0.5,0.77282673,49925,0.07846073106021141
0.1,0.8,0.8,0.5,0.7728827,49925,0.08254535467167416
0.9,0.8,0.7,0.7,0.772907,49925,0.07392531752101725
0.2,0.9,0.5,0.1,0.7731157,49925,0.07633105986660928
0.6,0.4,0.3,0.3,0.77315915,49925,0.0698892326417929
0.4,0.7,0.7,0.6,0.77319133,49925,0.07899644114077664
0.2,0.7,0.4,0.1,0.7731927,49925,0.07596219676887991
0.1,0.4,0.6,0.6,0.7732343,49925,0.08316500132364205
0.3,0.7,0.6,0.4,0.773273,49925,0.0788776463540474
0.1,0.9,0.7,0.3,0.77348006,49925,0.08092596257979458
0.3,0.8,0.8,0.6,0.77362144,49925,0.08051942321604288
0.6,0.7,0.7,0.7,0.7738769,49925,0.07696329982402814
0.2,0.7,0.9,0.8,0.7738858,49925,0.08250454113073391
0.4,0.9,0.9,0.7,0.7739213,49925,0.07999380004638612
0.6,0.1,0.1,0.3,0.77403235,49925,0.05925891530677974
0.4,0.6,0.8,0.9,0.77404594,49925,0.08012147987524176
0.5,0.8,0.8,0.7,0.77427065,49925,0.07861893119978988
0.5,0.9,0.8,0.6,0.7743627,49925,0.07815724617046042
0.7,0.9,0.5,0.2,0.774406,49925,0.0709129631133203
0.3,0.5,0.6,0.6,0.7744418,49925,0.08000539334960766
0.7,0.8,0.8,0.8,0.7748733,49925,0.07685787175924506
0.5,0.9,0.6,0.3,0.7749365,49925,0.07516368534568924
0.5,0.3,0.3,0.4,0.77502006,49925,0.07229236239965457
0.2,0.9,0.9,0.6,0.7751293,49925,0.08175707690362218
0.3,0.7,0.8,0.7,0.7752132,49925,0.08093246336718268
0.8,0.7,0.5,0.4,0.77535963,49925,0.07145463288287973
0.7,0.6,0.4,0.3,0.77550125,49925,0.07043046224964167
0.8,0.9,0.9,0.9,0.7756171,49925,0.07676804881308862
0.9,0.8,0.6,0.5,0.77570605,49925,0.07216116995736911
0.6,0.9,0.9,0.8,0.7758944,49925,0.07830121445134614
0.4,0.8,0.9,0.8,0.7761168,49925,0.0803317280872652
0.8,0.8,0.5,0.3,0.7761487,49925,0.07074131531510106
0.4,0.6,0.7,0.7,0.776281,49925,0.07940762991214115
0.6,0.2,0.1,0.1,0.776285,49925,0.05736897923797208
0.7,0.7,0.4,0.2,0.7762934,49925,0.06951646572135585
0.6,0.4,0.4,0.5,0.77638906,49925,0.0731525344680869
0.2,0.8,0.7,0.4,0.77643335,49925,0.08059628545484622
0.3,0.2,0.4,0.7,0.7767807,49925,0.07778653757554085
0.2,0.5,0.3,0.1,0.7768064,49925,0.07536098331489777
0.6,0.8,0.4,0.1,0.77687526,49925,0.06963881327393695
0.7,0.5,0.5,0.6,0.7769029,49925,0.07368404507107096
0.2,0.5,0.7,0.7,0.7769156,49925,0.08206551823452304
0.7,0.8,0.7,0.6,0.77697814,49925,0.07560131092404694
0.6,0.4,0.2,0.1,0.7769798,49925,0.06421490422072965
0.8,0.6,0.6,0.7,0.7769976,49925,0.07404845274018562
0.1,0.7,0.6,0.3,0.77704865,49925,0.08138279902476954
0.4,0.9,0.7,0.4,0.777053,49925,0.07781346435200011
0.9,0.9,0.6,0.4,0.7771103,49925,0.07157455692092693
0.9,0.7,0.7,0.8,0.7773469,49925,0.07432086565341438
0.3,0.9,0.8,0.5,0.77735245,49925,0.08001327736554459
0.4,0.5,0.4,0.3,0.7773531,49925,0.07518888824059122
0.6,0.3,0.5,0.9,0.7775147,49925,0.07506402358675983
0.5,0.5,0.6,0.7,0.7775231,49925,0.0775267130344221
0.6,0.7,0.6,0.5,0.77755827,49925,0.0754985891386912
0.6,0.6,0.3,0.1,0.7775697,49925,0.06758953031686335
0.9,0.5,0.6,0.9,0.77759945,49925,0.0733878324029261
0.5,0.5,0.7,0.9,0.7776305,49925,0.07848585408261255
0.5,0.6,0.5,0.4,0.7776473,49925,0.0753809633348159
0.4,0.4,0.5,0.6,0.77765846,49925,0.0778130249322045
0.7,0.5,0.4,0.4,0.77779055,49925,0.07124572757214398
0.1,0.5,0.8,0.8,0.7778356,49925,0.08363983236064423
0.5,0.7,0.8,0.8,0.7778567,49925,0.07897695738409416
0.6,0.6,0.7,0.8,0.7779256,49925,0.0773249770937723
0.7,0.2,0.3,0.7,0.7779259,49925,0.06943077877199322
0.6,0.1,0.2,0.7,0.77796423,49925,0.06612743051114899
0.3,0.3,0.4,0.5,0.7780263,49925,0.07820479476315999
0.8,0.9,0.8,0.7,0.77805364,49925,0.07566198738124622
0.2,0.9,0.6,0.2,0.7781337,49925,0.07837094116603396
0.7,0.9,0.7,0.5,0.77814996,49925,0.07505817185835832
0.8,0.6,0.7,0.9,0.77817655,49925,0.0754414886615581
0.8,0.4,0.5,0.8,0.77822703,49925,0.07290243175966132
0.8,0.6,0.5,0.5,0.7782748,49925,0.07210139328849663
0.6,0.8,0.6,0.4,0.77827775,49925,0.07488094728139162
0.3,0.4,0.3,0.2,0.77827775,49925,0.07488094728139162
0.2,0.2,0.3,0.4,0.77829325,49925,0.07885991019309044
0.4,0.4,0.6,0.8,0.77829325,49925,0.07885991019309044
0.6,0.3,0.2,0.2,0.77835983,49925,0.06566967240578497
0.4,0.8,0.5,0.2,0.77836025,49925,0.07489545658308142
0.3,0.8,0.6,0.3,0.77847576,49925,0.07808095973331948
0.6,0.8,0.9,0.9,0.77862775,49925,0.07863280560011836
0.1,0.7,0.9,0.7,0.7787148,49925,0.08360231510664562
0.5,0.7,0.5,0.3,0.7787954,49925,0.07460520452597791
0.6,0.4,0.5,0.7,0.7788206,49925,0.07515651231365791
0.7,0.7,0.8,0.9,0.7789122,49925,0.07718250788136262
0.1,0.6,0.7,0.5,0.77900386,49925,0.08307656002275461
0.3,0.6,0.8,0.8,0.7790795,49925,0.08124589248003243
0.2,0.6,0.9,0.9,0.77933127,49925,0.08272874260962235
0.9,0.7,0.6,0.6,0.7793967,49925,0.072718032889642
0.7,0.5,0.6,0.8,0.7795244,49925,0.0753211643556504
0.1,0.8,0.9,0.6,0.77965915,49925,0.08321833344132597
0.5,0.3,0.4,0.6,0.7797159,49925,0.07490240945327142
0.3,0.3,0.5,0.7,0.7798468,49925,0.07933056893602607
0.4,0.7,0.9,0.9,0.78001076,49925,0.0806116777571437
0.1,0.9,0.8,0.4,0.780062,49925,0.0819299725687018
0.2,0.3,0.2,0.1,0.78016794,49925,0.07417920461247324
0.4,0.6,0.4,0.2,0.78016794,49925,0.07417920461247324
0.6,0.9,0.6,0.3,0.78016794,49925,0.07417920461247324
0.6,0.2,0.4,0.9,0.78018975,49925,0.07302049327577585
0.7,0.2,0.2,0.4,0.78031564,49925,0.06531901215520948
0.8,0.9,0.5,0.2,0.7804,49925,0.06994331871745438
0.1,0.4,0.5,0.4,0.78047645,49925,0.08276216004179245
0.8,0.3,0.3,0.5,0.78054845,49925,0.06807402239379949
0.3,0.9,0.5,0.1,0.78071505,49925,0.0750731989261303
0.1,0.1,0.4,0.8,0.78084266,49925,0.07992185860171375
0.2,0.7,0.5,0.2,0.78099126,49925,0.07843336300610411
0.6,0.9,0.8,0.6,0.7810275,49925,0.07728729080805145
0.7,0.5,0.3,0.2,0.7810667,49925,0.06741566772936339
0.2,0.7,0.8,0.6,0.78120804,49925,0.08209068719372967
0.7,0.7,0.7,0.7,0.7813911,49925,0.07606871856329947
0.6,0.6,0.6,0.6,0.7813911,49925,0.07606871856329947
0.8,0.8,0.8,0.8,0.7813911,49925,0.07606871856329947
0.1,0.1,0.1,0.1,0.7813911,49925,0.07606871856329947
0.5,0.5,0.5,0.5,0.7813911,49925,0.07606871856329947
0.9,0.9,0.9,0.9,0.7813911,49925,0.07606871856329947
0.3,0.3,0.3,0.3,0.7813911,49925,0.07606871856329947
0.4,0.4,0.4,0.4,0.7813911,49925,0.07606871856329947
0.2,0.2,0.2,0.2,0.7813911,49925,0.07606871856329947
0.9,0.4,0.4,0.6,0.78143173,49925,0.06967518743199205
0.8,0.1,0.2,0.8,0.78145224,49925,0.0630982144538645
0.7,0.8,0.4,0.1,0.7817366,49925,0.06851260183745793
0.5,0.8,0.7,0.5,0.78189075,49925,0.07747915650212171
0.8,0.6,0.4,0.3,0.78192854,49925,0.06926531449028896
0.9,0.8,0.5,0.3,0.782011,49925,0.0697795948813685
0.7,0.3,0.4,0.7,0.7820631,49925,0.07216659750079307
0.2,0.2,0.4,0.6,0.7823938,49925,0.07998152610471583
0.3,0.3,0.6,0.9,0.7823938,49925,0.07998152610471582
0.1,0.1,0.2,0.3,0.7823938,49925,0.07998152610471583
0.1,0.5,0.7,0.6,0.7824273,49925,0.08347251989457669
0.7,0.4,0.3,0.3,0.78252304,49925,0.06843674053458032
0.9,0.7,0.5,0.4,0.7825458,49925,0.07049921765470836
0.4,0.8,0.8,0.6,0.78255105,49925,0.07960941335966147
0.2,0.4,0.4,0.3,0.78255105,49925,0.07960941335966147
0.5,0.9,0.9,0.7,0.7825816,49925,0.07918820383645668
0.3,0.5,0.5,0.4,0.78259027,49925,0.07884482877688907
0.7,0.4,0.2,0.1,0.7826421,49925,0.06263827522233588
0.3,0.8,0.9,0.7,0.7828694,49925,0.08134542050406875
0.6,0.4,0.6,0.9,0.7829694,49925,0.07647189865841303
0.3,0.7,0.7,0.5,0.7830092,49925,0.08015397111193294
0.8,0.7,0.4,0.2,0.7830665,49925,0.06842009780235987
0.2,0.5,0.6,0.5,0.78323275,49925,0.08152842641406213
0.7,0.9,0.9,0.8,0.7832357,49925,0.07755268646898252
0.1,0.6,0.9,0.8,0.78326637,49925,0.08387339354160188
0.2,0.9,0.7,0.3,0.78338367,49925,0.07988289291942079
0.4,0.7,0.6,0.4,0.78339857,49925,0.07768844487586168
0.9,0.3,0.4,0.8,0.7835244,49925,0.06990618074594655
0.2,0.3,0.6,0.8,0.78352916,49925,0.0815586247131693
0.3,0.7,0.4,0.1,0.78355825,49925,0.07444036779330702
0.6,0.8,0.8,0.7,0.7836303,49925,0.07774819386925332
0.2,0.1,0.4,0.9,0.7836343,49925,0.07782315004153417
0.8,0.9,0.7,0.5,0.7836686,49925,0.07422947788079098
0.1,0.8,0.5,0.1,0.783693,49925,0.07871995846203021
0.1,0.5,0.5,0.3,0.78374034,49925,0.08199564864603048
0.1,0.9,0.9,0.5,0.783834,49925,0.08272131819289084
0.9,0.9,0.8,0.7,0.7838767,49925,0.07490319340082292
0.4,0.6,0.6,0.5,0.7839158,49925,0.07834850945287962
0.1,0.7,0.7,0.4,0.78402114,49925,0.08244129162499966
0.5,0.8,0.5,0.2,0.78402483,49925,0.07372469732371952
0.8,0.8,0.7,0.6,0.7841382,49925,0.07473621536073287
0.2,0.8,0.8,0.5,0.78425115,49925,0.08158554549462722
0.3,0.4,0.7,0.9,0.7843725,49925,0.08084230061648066
0.9,0.9,0.5,0.2,0.78443456,49925,0.06904254843623345
0.2,0.6,0.6,0.4,0.78448975,49925,0.08091435848872076
0.3,0.9,0.9,0.6,0.78448975,49925,0.08091435848872075
0.1,0.3,0.3,0.2,0.78448975,49925,0.08091435848872076
0.7,0.6,0.3,0.1,0.78455347,49925,0.06628273933740862
0.2,0.6,0.8,0.7,0.784611,49925,0.08244703258260838
0.5,0.7,0.7,0.6,0.7846567,49925,0.07800436741036687
0.8,0.5,0.4,0.4,0.784708,49925,0.07007050472923392
0.5,0.9,0.7,0.4,0.78483856,49925,0.07686479499195428
0.5,0.6,0.8,0.9,0.7848427,49925,0.07924660359200032
0.4,0.2,0.3,0.5,0.78496855,49925,0.07442672882932809
0.7,0.8,0.6,0.4,0.7850641,49925,0.07389398705424575
0.3,0.6,0.7,0.6,0.7851015,49925,0.08064837087712001
0.7,0.7,0.6,0.5,0.7851336,49925,0.07450630817884049
0.9,0.6,0.6,0.7,0.78527725,49925,0.07315578799041365
0.5,0.1,0.2,0.6,0.78533804,49925,0.06822454042542551
0.5,0.8,0.9,0.8,0.7853905,49925,0.07954703463617817
0.4,0.9,0.8,0.5,0.7854699,49925,0.07907111896443032
0.4,0.7,0.8,0.7,0.78549933,49925,0.0800212202393368
0.4,0.5,0.7,0.8,0.78554165,49925,0.07969910528560836
0.8,0.5,0.5,0.6,0.7855853,49925,0.07264972294557374
0.9,0.2,0.3,0.8,0.7857851,49925,0.06690096718805584
0.7,0.2,0.1,0.1,0.78579575,49925,0.055473233593829205
0.2,0.3,0.5,0.6,0.7858608,49925,0.0811768429670128
0.9,0.6,0.5,0.5,0.7860061,49925,0.0711283290755865
0.1,0.2,0.4,0.5,0.78604156,49925,0.08237586177865824
0.9,0.6,0.7,0.9,0.7860619,49925,0.07461189792163457
0.5,0.3,0.5,0.8,0.78607297,49925,0.07644927735674836
0.1,0.3,0.7,0.9,0.78610516,49925,0.08316110707137724
0.7,0.9,0.6,0.3,0.7861096,49925,0.07321823467294099
0.8,0.5,0.3,0.2,0.78621805,49925,0.06613873511827552
0.7,0.8,0.9,0.9,0.7863996,49925,0.07789308292065215
0.3,0.7,0.9,0.8,0.7864173,49925,0.08165066558522198
0.3,0.6,0.5,0.3,0.78643227,49925,0.07800397751534069
0.7,0.1,0.1,0.3,0.7864684,49925,0.05738130309700963
0.3,0.4,0.6,0.7,0.7865649,49925,0.08033145368308976
0.6,0.7,0.5,0.3,0.7866105,49925,0.0734471127807614
0.8,0.7,0.8,0.9,0.7866492,49925,0.07636441321046739
0.3,0.9,0.6,0.2,0.78669167,49925,0.07721445657253785
0.1,0.8,0.6,0.2,0.78680325,49925,0.08051230826084294
0.3,0.5,0.3,0.1,0.7868527,49925,0.07340936468791623
0.6,0.6,0.5,0.4,0.7868724,49925,0.0741742915061133
0.7,0.4,0.4,0.5,0.7868776,49925,0.07188005921566858
0.4,0.9,0.5,0.1,0.7869114,49925,0.07390392835194083
0.3,0.5,0.8,0.9,0.7869425,49925,0.08144016538465869
0.3,0.8,0.7,0.4,0.78700393,49925,0.0795369844459873
0.4,0.8,0.6,0.3,0.78702295,49925,0.07695262198149087
0.9,0.6,0.4,0.3,0.7870659,49925,0.06819246249134585
0.4,0.1,0.3,0.8,0.7870894,49925,0.073034612253947
0.5,0.1,0.3,0.9,0.7871987,49925,0.0710898558528261
0.7,0.3,0.2,0.2,0.787264,49925,0.06400422314081229
0.9,0.4,0.5,0.8,0.78727174,49925,0.07194174906284051
0.8,0.8,0.4,0.1,0.7873633,49925,0.06742753077805173
0.6,0.5,0.6,0.7,0.78742266,49925,0.0764361776728368
0.6,0.3,0.3,0.4,0.78742635,49925,0.07071453229735594
0.7,0.6,0.7,0.8,0.7875078,49925,0.07640104217729579
0.6,0.7,0.8,0.8,0.7875583,49925,0.07812156392367604
0.3,0.2,0.5,0.9,0.7875869,49925,0.07865648070576434
0.9,0.8,0.8,0.8,0.78767985,49925,0.07530031787870628
0.2,0.4,0.7,0.8,0.78770864,49925,0.0822243688801344
0.5,0.2,0.4,0.8,0.78773254,49925,0.07458316194544605
0.7,0.9,0.8,0.6,0.78794426,49925,0.0764484631682394
0.2,0.9,0.8,0.4,0.7880733,49925,0.08098262248696578
0.2,0.7,0.6,0.3,0.7881053,49925,0.08014371169789812
0.3,0.1,0.3,0.7,0.78814876,49925,0.07519306245251195
0.1,0.2,0.5,0.7,0.7881634,49925,0.08242027163135453
0.8,0.5,0.6,0.8,0.7882739,49925,0.07437949460415885
0.6,0.5,0.7,0.9,0.78832245,49925,0.07755274800111675
0.8,0.7,0.7,0.7,0.7883559,49925,0.07518872323855642
0.5,0.6,0.7,0.7,0.7886338,49925,0.07843644059770155
0.1,0.6,0.4,0.1,0.78864175,49925,0.07895331380497063
0.9,0.7,0.4,0.2,0.7887044,49925,0.06738115642704962
0.6,0.2,0.3,0.6,0.78877807,49925,0.07100295885076287
0.5,0.6,0.4,0.2,0.7887868,49925,0.0727580962797704
0.1,0.4,0.8,0.9,0.7887906,49925,0.08367379541850534
0.2,0.5,0.4,0.2,0.7888372,49925,0.0784848027577988
0.1,0.3,0.6,0.7,0.7888496,49925,0.08323524984355968
0.4,0.5,0.6,0.6,0.7888515,49925,0.07885241635355043
0.3,0.4,0.5,0.5,0.7892128,49925,0.0794268750357647
0.5,0.5,0.4,0.3,0.78928393,49925,0.07374123958717474
0.9,0.3,0.3,0.5,0.78934467,49925,0.06684810186181406
0.2,0.8,0.9,0.6,0.7894032,49925,0.08234069814699398
0.6,0.8,0.7,0.5,0.7894904,49925,0.07649715521384717
0.7,0.6,0.6,0.6,0.7894904,49925,0.07504207072645717
0.5,0.7,0.9,0.9,0.7895287,49925,0.07980790924591263
0.8,0.4,0.2,0.1,0.7896185,49925,0.06123626950523033
0.4,0.7,0.4,0.1,0.7897122,49925,0.07302811034764733
0.7,0.4,0.5,0.7,0.7897732,49925,0.07404352312998104
0.8,0.6,0.3,0.1,0.7898107,49925,0.0650589066670603
0.5,0.2,0.2,0.3,0.789888,49925,0.06865345559894856
0.8,0.9,0.9,0.8,0.78988814,49925,0.07681845901798919
0.6,0.8,0.5,0.2,0.790006,49925,0.07259354362682684
0.7,0.3,0.5,0.9,0.79003465,49925,0.07403646479571296
0.6,0.9,0.9,0.7,0.7900366,49925,0.0783775777412138
0.2,0.2,0.5,0.8,0.7901517,49925,0.08050353787909603
0.4,0.1,0.2,0.5,0.79019487,49925,0.07061059125985125
0.5,0.4,0.5,0.6,0.79021186,49925,0.07650670020047423
0.9,0.9,0.7,0.5,0.79052144,49925,0.07341064745537859
0.2,0.3,0.4,0.4,0.79056525,49925,0.08032139080419894
0.4,0.6,0.8,0.8,0.79056525,49925,0.08032139080419894
0.5,0.4,0.6,0.8,0.7905762,49925,0.07775537862117865
0.3,0.5,0.7,0.7,0.79060304,49925,0.08097639334958628
0.1,0.7,0.8,0.5,0.7907116,49925,0.08323785808434428
0.2,0.5,0.8,0.8,0.7907343,49925,0.08267209859700754
0.2,0.7,0.9,0.7,0.79086316,49925,0.08273333710662471
0.7,0.8,0.8,0.7,0.79091334,49925,0.07691322406924961
0.6,0.5,0.5,0.5,0.79106987,49925,0.0748480767544234
0.1,0.6,0.8,0.6,0.791086,49925,0.0836767509087125
0.9,0.8,0.7,0.6,0.79120475,49925,0.07388991526338118
0.3,0.9,0.7,0.3,0.7913586,49925,0.07883007785469405
0.9,0.8,0.4,0.1,0.7913652,49925,0.06643859518313829
0.8,0.4,0.3,0.3,0.79143536,49925,0.06711553979349688
0.1,0.3,0.5,0.5,0.7915105,49925,0.08315584712028223
0.8,0.9,0.6,0.3,0.7915299,49925,0.07230477402439832
0.9,0.5,0.4,0.4,0.7915379,49925,0.06895635133323821
0.5,0.8,0.8,0.6,0.79160285,49925,0.07869696446853253
0.1,0.5,0.9,0.9,0.7916133,49925,0.08398150217162413
0.3,0.7,0.5,0.2,0.7917179,49925,0.07705621008530412
0.1,0.8,0.7,0.3,0.7917303,49925,0.0817541864793004
0.1,0.4,0.7,0.7,0.7918847,49925,0.08370879950419878
0.5,0.7,0.6,0.4,0.79194725,49925,0.07657953734538972
0.4,0.9,0.9,0.6,0.7919981,49925,0.08007082801720239
0.5,0.9,0.5,0.1,0.7920837,49925,0.07277188933887918
0.8,0.8,0.6,0.4,0.7921028,49925,0.07296283020683131
0.4,0.4,0.3,0.2,0.7921028,49925,0.07296283020683131
0.6,0.7,0.7,0.6,0.7921369,49925,0.07702515143803519
0.6,0.9,0.7,0.4,0.7921629,49925,0.07593088520652311
0.1,0.2,0.6,0.9,0.792348,49925,0.08232273550066513
0.2,0.1,0.3,0.6,0.7924618,49925,0.07772821005098439
0.4,0.1,0.1,0.2,0.79265285,49925,0.06382898257928846
0.8,0.2,0.2,0.4,0.79265285,49925,0.06382898257928846
0.8,0.7,0.6,0.5,0.79274446,49925,0.07354818850029826
0.8,0.2,0.3,0.7,0.79283077,49925,0.06823345968644542
0.2,0.4,0.6,0.6,0.7929901,49925,0.08188118834348182
0.1,0.2,0.3,0.3,0.7929901,49925,0.08188118834348182
0.3,0.6,0.9,0.9,0.7929901,49925,0.08188118834348183
0.1,0.6,0.5,0.2,0.7930454,49925,0.08101094743796759
0.5,0.9,0.8,0.5,0.7932295,49925,0.07817975696640543
0.8,0.3,0.4,0.7,0.7933011,49925,0.07103771902387361
0.4,0.7,0.7,0.5,0.7933215,49925,0.07909389926615469
0.9,0.7,0.8,0.9,0.79336756,49925,0.07559729469385268
0.2,0.9,0.9,0.5,0.793385,49925,0.08184786145101135
0.2,0.8,0.5,0.1,0.7934343,49925,0.07735639027135065
0.9,0.5,0.3,0.2,0.79344475,49925,0.06494944596372083
0.4,0.8,0.9,0.7,0.7934748,49925,0.08048821390698195
0.7,0.4,0.6,0.9,0.7935763,49925,0.07551580082437485
0.3,0.7,0.8,0.6,0.79363567,49925,0.0811004113977181
0.5,0.4,0.4,0.4,0.79367745,49925,0.07455434503597366
0.4,0.9,0.6,0.2,0.7936896,49925,0.07611328861034272
0.6,0.8,0.9,0.8,0.79380864,49925,0.07873957367340688
0.6,0.3,0.4,0.6,0.79382265,49925,0.07355048248739282
0.1,0.5,0.6,0.4,0.7938816,49925,0.08307371128123131
0.8,0.8,0.9,0.9,0.7939167,49925,0.07713485721219718
0.8,0.9,0.8,0.6,0.79394543,49925,0.07563755574550456
0.5,0.6,0.6,0.5,0.7940001,49925,0.0771864096570819
0.2,0.6,0.7,0.5,0.79406565,49925,0.08194344011828952
0.9,0.6,0.3,0.1,0.79408514,49925,0.06390146336112008
0.9,0.1,0.2,0.8,0.79429686,49925,0.06198506350157638
0.7,0.1,0.2,0.7,0.794386,49925,0.06477589918253344
0.3,0.8,0.8,0.5,0.79442954,49925,0.08063424758140962
0.5,0.8,0.6,0.3,0.7944731,49925,0.0758761165507696
0.7,0.7,0.5,0.3,0.7945492,49925,0.07233722750880987
0.7,0.2,0.4,0.9,0.7947065,49925,0.07192006212803963
0.8,0.2,0.1,0.1,0.79485786,49925,0.05377546160767164
0.5,0.7,0.8,0.7,0.7949616,49925,0.07909997048345875
0.9,0.5,0.5,0.6,0.79501295,49925,0.07163931963771675
0.6,0.6,0.8,0.9,0.79506874,49925,0.07839489798317249
0.4,0.3,0.4,0.5,0.7951329,49925,0.07658979304866084
0.9,0.4,0.2,0.1,0.7952142,49925,0.059924945370686857
0.9,0.7,0.7,0.7,0.7953229,49925,0.07434478351701633
0.8,0.4,0.4,0.5,0.7956327,49925,0.07068612043420505
0.7,0.7,0.8,0.8,0.79564965,49925,0.07728498474305308
0.8,0.6,0.7,0.8,0.7956637,49925,0.07551710972228053
0.1,0.1,0.3,0.5,0.79569083,49925,0.08070416326297794
0.2,0.6,0.9,0.8,0.79573745,49925,0.08300618092418198
0.4,0.3,0.5,0.7,0.7957853,49925,0.07802899843933474
0.1,0.8,0.8,0.4,0.7958219,49925,0.08265667128259271
0.4,0.2,0.4,0.7,0.7958437,49925,0.07635485918617933
0.7,0.6,0.5,0.4,0.7960051,49925,0.0730548585492655
0.3,0.9,0.8,0.4,0.79600805,49925,0.08005362528787101
0.9,0.9,0.9,0.8,0.79603225,49925,0.0760945362114747
0.4,0.6,0.5,0.3,0.7960435,49925,0.07664956452814016
0.3,0.6,0.6,0.4,0.7960844,49925,0.07966199603822079
0.9,0.5,0.6,0.8,0.79621243,49925,0.0734896848690695
0.4,0.5,0.3,0.1,0.796299,49925,0.07159009753405783
0.2,0.7,0.7,0.4,0.7963511,49925,0.08135116332116984
0.5,0.7,0.4,0.1,0.7963922,49925,0.07166604658522915
0.7,0.8,0.5,0.2,0.7964698,49925,0.07151077188239391
0.7,0.8,0.7,0.5,0.79675066,49925,0.0755771943582608
0.4,0.7,0.9,0.8,0.79693335,49925,0.0808226214520514
0.4,0.5,0.5,0.4,0.7969802,49925,0.07743911435799516
0.1,0.5,0.8,0.7,0.7970774,49925,0.08395153300067958
0.4,0.6,0.7,0.6,0.7971222,49925,0.07959368197263442
0.4,0.8,0.7,0.4,0.7972357,49925,0.07849217122343209
0.8,0.3,0.2,0.2,0.797274,49925,0.06249690738161702
0.6,0.6,0.4,0.2,0.79731625,49925,0.07141470044926591
0.9,0.9,0.6,0.3,0.79731625,49925,0.07141470044926591
0.3,0.3,0.2,0.1,0.79731625,49925,0.07141470044926591
0.2,0.8,0.6,0.2,0.7973562,49925,0.07926150570929888
0.1,0.4,0.3,0.1,0.7973562,49925,0.07926150570929888
0.5,0.5,0.7,0.8,0.7974011,49925,0.07872535365116941
0.7,0.5,0.7,0.9,0.7974028,49925,0.0766444731892242
0.3,0.6,0.8,0.7,0.797498,49925,0.08147917970959451
0.4,0.3,0.3,0.3,0.7975544,49925,0.07405919770631854
0.8,0.6,0.6,0.6,0.7975544,49925,0.07405919770631854
0.7,0.9,0.7,0.4,0.7977603,49925,0.07503326106050255
0.6,0.9,0.5,0.1,0.79785824,49925,0.07170012571917221
0.7,0.5,0.6,0.7,0.7980408,49925,0.07541814251095184
0.6,0.6,0.7,0.7,0.79806,49925,0.07747072003027886
0.9,0.4,0.3,0.3,0.7981438,49925,0.06586363760887856
0.2,0.5,0.7,0.6,0.79818624,49925,0.08235598847675112
0.9,0.8,0.6,0.4,0.79834306,49925,0.07204989017520717
0.7,0.9,0.9,0.7,0.79836947,49925,0.07760606658433283
0.6,0.7,0.9,0.9,0.79838353,49925,0.07903008756529833
0.8,0.8,0.8,0.7,0.798409,49925,0.076099588236223
0.8,0.1,0.1,0.3,0.79851615,49925,0.05571751966784011
0.1,0.9,0.6,0.1,0.7985357,49925,0.07950420430145345
0.9,0.9,0.8,0.6,0.7988936,49925,0.07487516171394885
0.3,0.5,0.6,0.5,0.7990085,49925,0.08024063601901232
0.4,0.3,0.6,0.9,0.7991076,49925,0.07889172722074898
0.4,0.7,0.5,0.2,0.79912424,49925,0.07572945407935788
0.6,0.5,0.4,0.3,0.79926157,49925,0.07234319531149024
0.1,0.4,0.6,0.5,0.7993891,49925,0.08356629691643863
0.5,0.9,0.6,0.2,0.7993964,49925,0.07506486643448736
0.4,0.4,0.7,0.9,0.799416,49925,0.07986773779879067
0.7,0.3,0.3,0.4,0.79952586,49925,0.06925032187794745
0.3,0.7,0.6,0.3,0.7996659,49925,0.07891662670312317
0.4,0.5,0.8,0.9,0.7996895,49925,0.08052560613561295
0.1,0.7,0.9,0.6,0.7997228,49925,0.08379910769111491
0.5,0.9,0.9,0.6,0.7997236,49925,0.07925015991943564
0.9,0.7,0.6,0.5,0.7997967,49925,0.0726191176319038
0.4,0.9,0.7,0.3,0.7998195,49925,0.07781088681619674
0.2,0.5,0.5,0.3,0.7998792,49925,0.08045113853963261
0.1,0.6,0.6,0.3,0.79997337,49925,0.08232661262235144
0.7,0.7,0.7,0.6,0.8001326,49925,0.07609974353858795
0.8,0.4,0.5,0.7,0.8001414,49925,0.07299753439913086
0.7,0.5,0.5,0.5,0.8002461,49925,0.07369120811437706
0.6,0.9,0.8,0.5,0.80027103,49925,0.07730483646219757
0.1,0.9,0.7,0.2,0.80033106,49925,0.08095388546050948
0.2,0.6,0.4,0.1,0.80040324,49925,0.07723003831739247
0.6,0.3,0.5,0.8,0.8004337,49925,0.07532074754343086
0.6,0.7,0.6,0.4,0.8004808,49925,0.07547959819636019
0.3,0.8,0.5,0.1,0.8005653,49925,0.07603595365527963
0.3,0.4,0.4,0.3,0.80064243,49925,0.07779663590148345
0.6,0.8,0.8,0.6,0.80064243,49925,0.07779663590148345
0.4,0.4,0.6,0.7,0.8006704,49925,0.07917066174965218
0.3,0.8,0.9,0.6,0.8007239,49925,0.08146852336101536
0.8,0.7,0.5,0.3,0.8007476,49925,0.07127097448739582
0.1,0.8,0.9,0.5,0.80079234,49925,0.08332556604955858
0.6,0.8,0.6,0.3,0.8008031,49925,0.07481348400007645
0.9,0.8,0.9,0.9,0.8009107,49925,0.07641490039389896
0.1,0.6,0.9,0.7,0.80108565,49925,0.08410839972162326
0.5,0.5,0.6,0.6,0.8010906,49925,0.07771450057478374
0.2,0.8,0.7,0.3,0.8011236,49925,0.08065045589639698
0.3,0.5,0.4,0.2,0.8011401,49925,0.07676700522045714
0.7,0.9,0.5,0.1,0.8012481,49925,0.07067061035315324
0.5,0.6,0.8,0.8,0.80132926,49925,0.07941590698797991
0.8,0.8,0.5,0.2,0.801415,49925,0.07050321317189247
0.7,0.8,0.9,0.8,0.80149615,49925,0.07797304428410289
0.2,0.4,0.5,0.4,0.8016434,49925,0.08119997395813629
0.3,0.1,0.2,0.4,0.80167645,49925,0.07336304016297845
0.6,0.2,0.4,0.8,0.80167645,49925,0.07336304016297845
0.6,0.4,0.6,0.8,0.8016877,49925,0.07669079703246456
0.3,0.2,0.3,0.4,0.8016877,49925,0.07669079703246456
0.1,0.9,0.8,0.3,0.8018209,49925,0.08199920014845598
0.8,0.3,0.5,0.9,0.80183095,49925,0.07304282642362152
0.3,0.9,0.9,0.5,0.8020923,49925,0.08099601548932626
0.4,0.6,0.9,0.9,0.80219465,49925,0.08103539796203083
0.6,0.7,0.4,0.1,0.80229515,49925,0.07039329622050419
0.9,0.2,0.2,0.4,0.80229664,49925,0.06246009429343824
0.6,0.1,0.2,0.6,0.80239415,49925,0.0666621555691315
0.5,0.8,0.9,0.7,0.80240774,49925,0.07964481239649113
0.2,0.7,0.8,0.5,0.8026208,49925,0.08222968638437006
0.3,0.7,0.9,0.7,0.8026816,49925,0.08185229463620937
0.9,0.6,0.7,0.8,0.80268395,49925,0.07467215278197459
0.8,0.6,0.5,0.4,0.80295354,49925,0.07199491400696803
0.4,0.8,0.8,0.5,0.8029731,49925,0.07968135550156073
0.5,0.4,0.3,0.2,0.80316204,49925,0.07117866581192649
0.8,0.8,0.7,0.5,0.8031831,49925,0.07470811719601768
0.9,0.2,0.1,0.1,0.8032387,49925,0.05227075866559743
0.6,0.2,0.2,0.3,0.8033153,49925,0.06676321997017386
0.6,0.4,0.5,0.6,0.8033328,49925,0.07529186927644886
0.3,0.3,0.6,0.8,0.8033409,49925,0.08041360484068924
0.5,0.2,0.3,0.5,0.80341005,49925,0.07271622554388253
0.3,0.4,0.7,0.8,0.8034136,49925,0.0811710800538345
0.6,0.6,0.6,0.5,0.803416,49925,0.07609767015687388
0.8,0.4,0.6,0.9,0.8034269,49925,0.07459514307569648
0.5,0.7,0.7,0.5,0.8034893,49925,0.07806539205225323
0.4,0.5,0.7,0.7,0.80349284,49925,0.07992589335813524
0.7,0.6,0.8,0.9,0.8035597,49925,0.07754997090070734
0.8,0.9,0.7,0.4,0.8035823,49925,0.07415923769439971
0.8,0.7,0.8,0.8,0.80367315,49925,0.07645494458225485
0.9,0.3,0.4,0.7,0.8036978,49925,0.06997722640900193
0.5,0.8,0.7,0.4,0.8039454,49925,0.07746021960602165
0.9,0.8,0.8,0.7,0.8039907,49925,0.0753071441205396
0.9,0.2,0.3,0.7,0.8044014,49925,0.06709651468226235
0.7,0.2,0.3,0.6,0.80442023,49925,0.06963436212734367
0.2,0.4,0.8,0.9,0.80444556,49925,0.08274158540837495
0.4,0.7,0.8,0.6,0.8044873,49925,0.08014896469516675
0.1,0.3,0.4,0.3,0.8047573,49925,0.0826935720484689
0.2,0.6,0.8,0.6,0.8047573,49925,0.0826935720484689
0.5,0.6,0.5,0.3,0.80482835,49925,0.07535314644223817
0.6,0.1,0.3,0.9,0.80491215,49925,0.06990055970837686
0.1,0.6,0.7,0.4,0.80500084,49925,0.08322107038080148
0.6,0.7,0.8,0.7,0.8050302,49925,0.07821425293645039
0.4,0.4,0.5,0.5,0.8050482,49925,0.07804381422052162
0.6,0.4,0.4,0.4,0.8050732,49925,0.07314092410024485
0.9,0.6,0.6,0.6,0.8050732,49925,0.07314092410024484
0.3,0.2,0.2,0.2,0.8050732,49925,0.07314092410024485
0.2,0.6,0.5,0.2,0.80507904,49925,0.07946768753789345
0.6,0.9,0.6,0.2,0.8050925,49925,0.07405742654643978
0.4,0.2,0.5,0.9,0.8051187,49925,0.07747058719123416
0.5,0.5,0.3,0.1,0.805143,49925,0.06989256985993947
0.9,0.4,0.4,0.5,0.8052231,49925,0.069566310096942
0.7,0.6,0.4,0.2,0.80529726,49925,0.07015706130185734
0.1,0.7,0.5,0.1,0.8053571,49925,0.07986734275020968
0.2,0.3,0.7,0.9,0.8054181,49925,0.08219285150553722
0.1,0.9,0.9,0.4,0.80543554,49925,0.08276953536844033
0.3,0.1,0.4,0.9,0.8054615,49925,0.07659787045141987
0.3,0.5,0.8,0.8,0.80560195,49925,0.0817111763706699
0.2,0.9,0.6,0.1,0.80564094,49925,0.07835141722041523
0.8,0.9,0.9,0.7,0.80571944,49925,0.07683037615483389
0.9,0.3,0.2,0.2,0.8058196,49925,0.06113035767955427
0.5,0.7,0.9,0.8,0.8058387,49925,0.07997326118989
0.3,0.8,0.6,0.2,0.8059634,49925,0.07806427204168004
0.8,0.9,0.5,0.1,0.80598664,49925,0.06968170092769876
0.4,0.9,0.8,0.4,0.80600387,49925,0.07912192060284574
0.3,0.3,0.5,0.6,0.8061004,49925,0.0797610957429585
0.7,0.3,0.4,0.6,0.80622816,49925,0.072281255383294
0.9,0.8,0.5,0.2,0.8063784,49925,0.0695210404285565
0.2,0.5,0.9,0.9,0.80640703,49925,0.08312088542824046
0.3,0.6,0.7,0.5,0.8064884,49925,0.0808032260574369
0.5,0.9,0.7,0.3,0.8065517,49925,0.07680929290447058
0.8,0.5,0.7,0.9,0.8065596,49925,0.07576883844300392
0.8,0.1,0.2,0.7,0.80666757,49925,0.06349841300420782
0.9,0.7,0.5,0.3,0.80666846,49925,0.0702752653991907
0.7,0.5,0.4,0.3,0.8066802,49925,0.07105753828679354
0.7,0.6,0.7,0.7,0.80682707,49925,0.07650251291619455
0.2,0.3,0.6,0.7,0.80690205,49925,0.08204056201512022
0.7,0.9,0.8,0.5,0.8069137,49925,0.07644880215553286
0.3,0.7,0.7,0.4,0.80699784,49925,0.08024423622390763
0.8,0.5,0.6,0.7,0.80702454,49925,0.07445266030266381
0.3,0.2,0.4,0.6,0.80709255,49925,0.07835962314065231
0.1,0.5,0.7,0.5,0.8070964,49925,0.08378157307926318
0.7,0.7,0.4,0.1,0.8071065,49925,0.0691781222421521
0.1,0.4,0.4,0.2,0.8072578,49925,0.08165896079346414
0.2,0.8,0.8,0.4,0.8072578,49925,0.08165896079346414
0.5,0.7,0.5,0.2,0.8073075,49925,0.0744688497222445
0.8,0.2,0.4,0.9,0.80737364,49925,0.07087244955190827
0.8,0.7,0.7,0.6,0.80740565,49925,0.07518215037897584
0.6,0.5,0.7,0.8,0.8074467,49925,0.07775529039777143
0.1,0.4,0.8,0.8,0.807513,49925,0.08404779892365231
0.1,0.3,0.7,0.8,0.80752116,49925,0.0836463537597765
0.3,0.4,0.6,0.6,0.8075545,49925,0.08062201294366675
0.9,0.1,0.1,0.3,0.80758363,49925,0.05421590365802602
0.1,0.7,0.6,0.2,0.8076103,49925,0.0814474233754661
0.7,0.8,0.6,0.3,0.807645,49925,0.0738046094161118
0.7,0.7,0.6,0.4,0.80771327,49925,0.07446304481612753
0.4,0.8,0.5,0.1,0.8077475,49925,0.07475166356156793
0.5,0.1,0.3,0.8,0.80779076,49925,0.0716679041511176
0.5,0.5,0.5,0.4,0.8079317,49925,0.07609504050219511
0.2,0.1,0.4,0.8,0.80795497,49925,0.07865624719959353
0.4,0.6,0.6,0.4,0.8079858,49925,0.07842403783057456
0.2,0.3,0.3,0.2,0.8079858,49925,0.07842403783057456
0.6,0.9,0.9,0.6,0.8079858,49925,0.07842403783057456
0.7,0.7,0.9,0.9,0.8081417,49925,0.07826659669276881
0.3,0.6,0.9,0.8,0.8083524,49925,0.08211406913144857
0.2,0.9,0.7,0.2,0.8083593,49925,0.07989574474394225
0.8,0.8,0.9,0.8,0.8084287,49925,0.07718290853621702
0.9,0.4,0.5,0.7,0.80845356,49925,0.07199220711139646
0.1,0.1,0.4,0.7,0.80852604,49925,0.08089808660917519
0.5,0.6,0.7,0.6,0.80858076,49925,0.07854775343570093
0.9,0.6,0.5,0.4,0.8086368,49925,0.07098334220218763
0.9,0.9,0.7,0.4,0.80872196,49925,0.07331642282595797
0.3,0.8,0.7,0.3,0.8090116,49925,0.07956397631527365
0.1,0.5,0.9,0.8,0.8091225,49925,0.08426635379851635
0.2,0.4,0.7,0.7,0.8091316,49925,0.08255891717174563
0.4,0.6,0.8,0.7,0.8091522,49925,0.08051597864743604
0.8,0.5,0.5,0.5,0.8092144,49925,0.07259196609880071
0.9,0.9,0.5,0.1,0.80935264,49925,0.06873751718814376
0.7,0.8,0.8,0.6,0.80964005,49925,0.07693979072207313
0.4,0.7,0.6,0.3,0.8098682,49925,0.07771345329629961
0.4,0.8,0.9,0.6,0.80988115,49925,0.08058587370883946
0.3,0.6,0.4,0.1,0.8099199,49925,0.07553762133533046
0.7,0.9,0.6,0.2,0.81003547,49925,0.07307531460796385
0.8,0.6,0.8,0.9,0.81006205,49925,0.07671796526507821
0.6,0.8,0.9,0.7,0.8102629,49925,0.0788321524242756
0.9,0.7,0.8,0.8,0.8103268,49925,0.07566073112519764
0.8,0.3,0.3,0.4,0.81040514,49925,0.06788371180620405
0.5,0.3,0.4,0.5,0.8104743,49925,0.07507296323545506
0.9,0.8,0.7,0.5,0.8104754,49925,0.07386108940663445
0.2,0.5,0.6,0.4,0.810545,49925,0.0817413478840904
0.6,0.8,0.7,0.4,0.81061864,49925,0.07650141968345196
0.5,0.4,0.7,0.9,0.8106951,49925,0.07887296587770853
0.2,0.8,0.9,0.5,0.81077,49925,0.0824310571354631
0.5,0.8,0.8,0.5,0.81081367,49925,0.07875662373082754
0.6,0.6,0.8,0.8,0.81085044,49925,0.07854602765180096
0.3,0.3,0.4,0.4,0.81085044,49925,0.07854602765180096
0.2,0.7,0.9,0.6,0.8108804,49925,0.0829094675740847
0.1,0.7,0.7,0.3,0.81099313,49925,0.08254082569396196
0.4,0.9,0.9,0.5,0.8111111,49925,0.08012352362695462
0.5,0.3,0.5,0.7,0.8111448,49925,0.07675470221235754
0.6,0.5,0.6,0.6,0.81119657,49925,0.07657061507981504
0.4,0.1,0.3,0.7,0.8114544,49925,0.07365196265624542
0.9,0.9,0.9,0.7,0.81172085,49925,0.07608442985097927
0.5,0.4,0.6,0.7,0.8117461,49925,0.07801826443748815
0.6,0.5,0.3,0.1,0.81179416,49925,0.06834729372538469
0.2,0.9,0.8,0.3,0.8118761,49925,0.08102123509660882
0.4,0.3,0.2,0.1,0.81189805,49925,0.06894903369089453
0.8,0.6,0.4,0.2,0.81189805,49925,0.06894903369089453
0.7,0.6,0.6,0.5,0.8119828,49925,0.0750168208451313
0.8,0.7,0.4,0.1,0.8120973,49925,0.06801999252968159
0.3,0.2,0.5,0.8,0.81224734,49925,0.07925371395538579
0.3,0.5,0.7,0.6,0.8123202,49925,0.08122502943080047
0.2,0.5,0.8,0.7,0.8123992,49925,0.0829707956699869
0.5,0.3,0.3,0.3,0.8124026,49925,0.07224191673764403
0.7,0.4,0.5,0.6,0.8124213,49925,0.07413876673262225
0.4,0.5,0.6,0.5,0.8125048,49925,0.07900232950478324
0.3,0.9,0.6,0.1,0.81255203,49925,0.07716959364169935
0.6,0.7,0.7,0.5,0.8125701,49925,0.07706060741750131
0.4,0.5,0.4,0.2,0.8125988,49925,0.07512249210606213
0.2,0.6,0.6,0.3,0.8127709,49925,0.08101050116798149
0.7,0.7,0.8,0.7,0.8127925,49925,0.0773392983645136
0.1,0.3,0.6,0.6,0.8128053,49925,0.08374421226921638
0.2,0.2,0.5,0.7,0.812807,49925,0.08110278807126525
0.7,0.3,0.5,0.8,0.8128135,49925,0.074248479457251
0.5,0.3,0.6,0.9,0.81293243,49925,0.07781783765329935
0.5,0.1,0.2,0.5,0.8129376,49925,0.06875294656398177
0.6,0.9,0.7,0.3,0.81295735,49925,0.07586643832852764
0.5,0.6,0.9,0.9,0.81297505,49925,0.08020311452539855
0.9,0.3,0.5,0.9,0.81301147,49925,0.07207453690288187
0.8,0.9,0.8,0.5,0.8130716,49925,0.07563930467703807
0.5,0.5,0.8,0.9,0.81320417,49925,0.07962672352223443
0.6,0.6,0.5,0.3,0.81333625,49925,0.07412445441780541
0.5,0.7,0.8,0.6,0.8133652,49925,0.0792034892955415
0.3,0.5,0.5,0.3,0.81349397,49925,0.07895936523611786
0.7,0.4,0.6,0.8,0.81353945,49925,0.07568724251925271
0.5,0.8,0.5,0.1,0.81357056,49925,0.07355797524736835
0.5,0.1,0.1,0.2,0.8137062,49925,0.061179389452996585
0.6,0.4,0.3,0.2,0.8138697,49925,0.06953459194970889
0.2,0.4,0.3,0.1,0.81392634,49925,0.0768927049941284
0.4,0.8,0.6,0.2,0.81392634,49925,0.0768927049941284
0.4,0.7,0.9,0.7,0.81398904,49925,0.08096562867480252
0.2,0.3,0.5,0.5,0.8140611,49925,0.08159978918435783
0.5,0.9,0.8,0.4,0.81406987,49925,0.07819809329484495
0.2,0.9,0.9,0.4,0.81438977,49925,0.08190726980560094
0.8,0.5,0.4,0.3,0.81441724,49925,0.06982893483940349
0.6,0.7,0.9,0.8,0.81447697,49925,0.07915375263105215
0.7,0.9,0.9,0.6,0.81451696,49925,0.07762200923029361
0.9,0.4,0.6,0.9,0.8145385,49925,0.07367742438130784
0.1,0.6,0.8,0.5,0.81456816,49925,0.08385477828025562
0.8,0.8,0.6,0.3,0.81457925,49925,0.07282357408244859
0.6,0.7,0.5,0.2,0.8146104,49925,0.07327696557521067
0.2,0.6,0.9,0.7,0.81464005,49925,0.0832168013339602
0.9,0.7,0.7,0.6,0.8147674,49925,0.07431062612579878
0.1,0.4,0.7,0.6,0.8148093,49925,0.08404787670092217
0.2,0.7,0.5,0.1,0.81485665,49925,0.078409949361422
0.8,0.6,0.7,0.7,0.8149305,49925,0.07559471492965529
0.3,0.7,0.8,0.5,0.8150116,49925,0.08122183667086656
0.8,0.7,0.9,0.9,0.81503594,49925,0.07749099968007347
0.7,0.5,0.7,0.8,0.8150579,49925,0.07681658967218126
0.8,0.7,0.6,0.4,0.8151071,49925,0.07349703593469968
0.2,0.2,0.4,0.5,0.8151683,49925,0.0806223487160406
0.3,0.8,0.8,0.4,0.81518865,49925,0.0806801307270686
0.5,0.2,0.4,0.7,0.8152068,49925,0.07497407143562189
0.3,0.9,0.7,0.2,0.81521434,49925,0.0788026042007132
0.9,0.5,0.6,0.7,0.8152321,49925,0.07351332252564004
0.7,0.4,0.4,0.4,0.81543154,49925,0.07180094375658565
0.8,0.8,0.8,0.6,0.81545454,49925,0.07608882527740513
0.4,0.4,0.4,0.3,0.81545454,49925,0.07608882527740513
0.8,0.2,0.3,0.6,0.8155483,49925,0.06834475959093218
0.5,0.5,0.7,0.7,0.8156066,49925,0.07891648657462273
0.9,0.8,0.9,0.8,0.81566024,49925,0.07644435081326009
0.8,0.9,0.6,0.2,0.8156628,49925,0.0721268990368501
0.9,0.5,0.7,0.9,0.81572706,49925,0.07491786098345533
0.1,0.4,0.5,0.3,0.8161328,49925,0.08302148104581168
0.1,0.2,0.5,0.6,0.816154,49925,0.08311582615969479
0.7,0.2,0.4,0.8,0.8162253,49925,0.07220143250106277
0.4,0.7,0.7,0.4,0.81643754,49925,0.07916182256891782
0.1,0.2,0.6,0.8,0.8165331,49925,0.0829613230671977
0.7,0.8,0.7,0.4,0.81659526,49925,0.07555481033383973
0.2,0.2,0.6,0.9,0.81663936,49925,0.08129996184179111
0.9,0.7,0.4,0.1,0.8167935,49925,0.06696253468872931
0.1,0.7,0.8,0.4,0.81682396,49925,0.08330519640243124
0.1,0.1,0.5,0.9,0.8168477,49925,0.08091038766045339
0.3,0.6,0.8,0.6,0.8170196,49925,0.08167734305551007
0.7,0.2,0.2,0.3,0.81703275,49925,0.06501997138091846
0.4,0.5,0.8,0.8,0.81728506,49925,0.08076173013280424
0.9,0.6,0.8,0.9,0.81744134,49925,0.07592680935007286
0.3,0.6,0.5,0.2,0.8174874,49925,0.07800977661777103
0.9,0.9,0.8,0.5,0.8175237,49925,0.07482157047918828
0.1,0.5,0.4,0.1,0.8175389,49925,0.08034717641542555
0.5,0.7,0.6,0.3,0.8175866,49925,0.07654474527693665
0.4,0.6,0.4,0.1,0.81765085,49925,0.07398805766074175
0.5,0.4,0.5,0.5,0.8176516,49925,0.07665914620059411
0.5,0.9,0.9,0.5,0.81766206,49925,0.07927725477595732
0.9,0.5,0.5,0.5,0.81767124,49925,0.07153955852956355
0.3,0.4,0.8,0.9,0.8177449,49925,0.08182569494753007
0.3,0.5,0.9,0.9,0.81778514,49925,0.08224499126107715
0.2,0.4,0.6,0.5,0.817824,49925,0.08221899557768246
0.9,0.6,0.4,0.2,0.8178681,49925,0.0678250369170305
0.6,0.5,0.5,0.4,0.8179529,49925,0.07480378051573308
0.6,0.6,0.7,0.6,0.81803095,49925,0.07753094981356941
0.1,0.5,0.8,0.6,0.8181043,49925,0.0842151995537564
0.7,0.1,0.2,0.6,0.8181615,49925,0.06519565449014503
0.6,0.8,0.8,0.5,0.8183176,49925,0.07781228436810018
0.9,0.1,0.2,0.7,0.81832135,49925,0.062308386023789776
0.7,0.9,0.7,0.3,0.8183352,49925,0.07492796206842857
0.6,0.8,0.5,0.1,0.8183642,49925,0.07239873825635168
0.7,0.8,0.9,0.7,0.818408,49925,0.0780107757730825
0.7,0.5,0.3,0.1,0.818423,49925,0.06690662985395966
0.8,0.3,0.4,0.6,0.81845766,49925,0.0710829326090909
0.4,0.4,0.7,0.8,0.81850994,49925,0.0801356397231728
0.1,0.8,0.7,0.2,0.8185709,49925,0.08173921159979546
0.2,0.7,0.6,0.2,0.81857586,49925,0.08015295143213678
0.4,0.6,0.7,0.5,0.81870764,49925,0.07970865204700303
0.5,0.6,0.6,0.4,0.818725,49925,0.07722961245905631
0.2,0.6,0.7,0.4,0.81893635,49925,0.08208130468431353
0.3,0.9,0.8,0.3,0.8190351,49925,0.08004857252414938
0.4,0.8,0.7,0.3,0.8190596,49925,0.07849666563960457
0.1,0.8,0.6,0.1,0.8191679,49925,0.08047190236840654
0.5,0.8,0.9,0.6,0.8192073,49925,0.07972377969610563
0.6,0.2,0.3,0.5,0.81921583,49925,0.07113849706941763
0.7,0.6,0.8,0.8,0.8193877,49925,0.07768594315526821
0.9,0.8,0.6,0.3,0.81944966,49925,0.07188640054646381
0.9,0.2,0.4,0.9,0.8196027,49925,0.06988277147965276
0.4,0.3,0.6,0.8,0.8196038,49925,0.07927124864866135
0.7,0.1,0.3,0.9,0.81975126,49925,0.06876150013894307
0.5,0.8,0.6,0.2,0.8197735,49925,0.07576033178304077
0.9,0.3,0.3,0.4,0.8199029,49925,0.06660693247472502
0.3,0.4,0.5,0.4,0.81990784,49925,0.07965229350050375
0.8,0.6,0.6,0.5,0.8200316,49925,0.07402370026021313
0.8,0.7,0.8,0.7,0.8201011,49925,0.07648721146728998
0.9,0.9,0.6,0.2,0.8201296,49925,0.07121608015872233
0.6,0.9,0.8,0.4,0.8202368,49925,0.07729409004873013
0.1,0.8,0.8,0.3,0.8202535,49925,0.08266607253929674
0.5,0.6,0.8,0.7,0.8202598,49925,0.07958277074744036
0.1,0.7,0.9,0.5,0.8204087,49925,0.08388555575429976
0.9,0.8,0.8,0.6,0.82047725,49925,0.07526904344197909
0.7,0.4,0.3,0.2,0.82058805,49925,0.0680289494550168
0.4,0.9,0.6,0.1,0.8206822,49925,0.07604297557165429
0.7,0.5,0.6,0.6,0.82072794,49925,0.07551438637221997
0.9,0.5,0.4,0.3,0.8207989,49925,0.0686704466636458
0.4,0.6,0.9,0.8,0.8208738,49925,0.08122783149731262
0.3,0.8,0.9,0.5,0.8208941,49925,0.08153828779034196
0.7,0.6,0.5,0.3,0.8209473,49925,0.07294307937274033
0.3,0.7,0.9,0.6,0.8210392,49925,0.08198206861979118
0.1,0.4,0.9,0.9,0.8210484,49925,0.08428052041203551
0.7,0.7,0.7,0.5,0.8211682,49925,0.07609019744454341
0.7,0.7,0.5,0.2,0.8212489,49925,0.07212521646929215
0.3,0.1,0.3,0.6,0.8213624,49925,0.07593757023082422
0.5,0.3,0.2,0.1,0.8215691,49925,0.06678199010636407
0.1,0.6,0.9,0.6,0.8215845,49925,0.08428201369737102
0.9,0.6,0.7,0.7,0.82182676,49925,0.07471521052746329
0.9,0.7,0.6,0.4,0.82184345,49925,0.0725342360789118
0.8,0.9,0.9,0.6,0.82192886,49925,0.07684558033449033
0.5,0.2,0.5,0.9,0.82195365,49925,0.07633125280765024
0.9,0.7,0.9,0.9,0.8220632,49925,0.07673658745772605
0.1,0.5,0.5,0.2,0.82221866,49925,0.08208803108549362
0.6,0.4,0.7,0.9,0.82238686,49925,0.07792518531723215
0.3,0.3,0.7,0.9,0.8224172,49925,0.08116323770617742
0.2,0.7,0.7,0.3,0.82257456,49925,0.08141040173665495
0.4,0.4,0.6,0.6,0.8227023,49925,0.07938931476331358
0.2,0.2,0.3,0.3,0.8227023,49925,0.07938931476331358
0.6,0.6,0.9,0.9,0.8227023,49925,0.07938931476331358
0.5,0.5,0.4,0.2,0.8227779,49925,0.07358456892233231
0.6,0.5,0.8,0.9,0.8227888,49925,0.07874902838880533
0.3,0.9,0.9,0.4,0.8227921,49925,0.08102856424892352
0.4,0.3,0.5,0.6,0.82286644,49925,0.07836199076400877
0.8,0.8,0.7,0.4,0.8228952,49925,0.07463340748716925
0.4,0.9,0.7,0.2,0.8229357,49925,0.07774285639273543
0.7,0.7,0.9,0.8,0.8229419,49925,0.07836397888549847
0.2,0.5,0.7,0.5,0.82296956,49925,0.08260013270526806
0.3,0.6,0.6,0.3,0.8229844,49925,0.07966709333728172
0.4,0.8,0.8,0.4,0.8229844,49925,0.07966709333728172
0.2,0.4,0.4,0.2,0.8229844,49925,0.07966709333728172
0.1,0.2,0.2,0.1,0.8229844,49925,0.07966709333728172
0.6,0.7,0.8,0.6,0.823159,49925,0.078284685471628
0.6,0.3,0.4,0.5,0.82321966,49925,0.07365663002632557
0.7,0.8,0.5,0.1,0.82336855,49925,0.07128636387519321
0.8,0.5,0.3,0.1,0.8233872,49925,0.06556056903500933
0.8,0.3,0.5,0.8,0.8235569,49925,0.07317901203818267
0.8,0.9,0.7,0.3,0.8239036,49925,0.07403608562931106
0.6,0.3,0.5,0.7,0.8239723,49925,0.07553878066216559
0.6,0.3,0.3,0.3,0.8240099,49925,0.07052536279763308
0.2,0.1,0.1,0.1,0.8240099,49925,0.07052536279763308
0.4,0.2,0.2,0.2,0.8240099,49925,0.07052536279763308
0.8,0.4,0.4,0.4,0.8240099,49925,0.07052536279763308
0.5,0.7,0.9,0.7,0.82419556,49925,0.08009794763966084
0.4,0.2,0.3,0.4,0.8242381,49925,0.0747085352820781
0.8,0.4,0.6,0.8,0.8242381,49925,0.0747085352820781
0.6,0.7,0.6,0.3,0.8242967,49925,0.07542497350752185
0.1,0.2,0.4,0.4,0.8243439,49925,0.08310467326897635
0.2,0.4,0.8,0.8,0.8243439,49925,0.08310467326897635
0.8,0.4,0.5,0.6,0.8243598,49925,0.07303436901000561
0.1,0.8,0.9,0.4,0.824415,49925,0.0833591962005429
0.3,0.4,0.7,0.7,0.8244912,49925,0.08146525723085492
0.3,0.5,0.8,0.7,0.82453096,49925,0.08195677611102525
0.4,0.2,0.4,0.6,0.8246241,49925,0.07677558261024249
0.2,0.1,0.2,0.3,0.8246241,49925,0.07677558261024249
0.6,0.3,0.6,0.9,0.8246241,49925,0.0767755826102425
0.5,0.6,0.4,0.1,0.82463205,49925,0.07251249999252245
0.3,0.5,0.6,0.4,0.82466996,49925,0.08038268987009402
0.3,0.7,0.5,0.1,0.8247968,49925,0.07695878463283179
0.2,0.5,0.9,0.8,0.82482105,49925,0.08338907961620624
0.6,0.4,0.6,0.7,0.82482785,49925,0.07689430335280241
0.4,0.7,0.8,0.5,0.82493854,49925,0.08021816928486808
0.8,0.5,0.7,0.8,0.82495785,49925,0.07588229358480635
0.6,0.9,0.9,0.5,0.82500124,49925,0.07844936309217998
0.3,0.4,0.3,0.1,0.82507646,49925,0.0746921288864544
0.6,0.8,0.6,0.2,0.82507646,49925,0.0746921288864544
0.6,0.1,0.3,0.8,0.82508475,49925,0.0703727003714189
0.5,0.5,0.6,0.5,0.8252128,49925,0.07779948161236981
0.1,0.3,0.8,0.9,0.82544947,49925,0.08389377844347624
0.4,0.5,0.5,0.3,0.82551897,49925,0.07745281362010965
0.3,0.3,0.6,0.7,0.82562715,49925,0.08080112664367868
0.1,0.3,0.5,0.4,0.8257551,49925,0.08362085379457075
0.5,0.7,0.7,0.4,0.825777,49925,0.07808913551674562
0.2,0.6,0.8,0.5,0.8259571,49925,0.08282979140554297
0.7,0.9,0.8,0.4,0.8260088,49925,0.07642695007495938
0.8,0.7,0.5,0.2,0.82601035,49925,0.07103466991855675
0.6,0.5,0.7,0.7,0.8260842,49925,0.07790237883661484
0.8,0.8,0.9,0.7,0.82609475,49925,0.07722362403241782
0.5,0.9,0.6,0.1,0.8262311,49925,0.0749475726678092
0.4,0.5,0.7,0.6,0.82638717,49925,0.08012502449297988
0.9,0.6,0.6,0.5,0.82647574,49925,0.07303033783247347
0.7,0.6,0.7,0.6,0.82669806,49925,0.0765478404186468
0.2,0.8,0.6,0.1,0.8267201,49925,0.07923356443691625
0.1,0.9,0.8,0.2,0.8269522,49925,0.0819593067881372
0.8,0.4,0.3,0.2,0.8269759,49925,0.06663370942396978
0.4,0.6,0.5,0.2,0.8270609,49925,0.07657250138979864
0.7,0.8,0.8,0.5,0.8270684,49925,0.07694544546063918
0.4,0.1,0.4,0.9,0.8270876,49925,0.07535591098085051
0.9,0.5,0.3,0.1,0.8271245,49925,0.06433300750269652
0.2,0.3,0.7,0.8,0.82713944,49925,0.08260408905772391
0.4,0.9,0.8,0.3,0.8271486,49925,0.0790869021048828
0.8,0.7,0.7,0.5,0.8271636,49925,0.07515296412096992
0.2,0.7,0.8,0.4,0.8271868,49925,0.08227404727514853
0.6,0.6,0.6,0.4,0.82719076,49925,0.07608874542103586
0.3,0.3,0.3,0.2,0.82719076,49925,0.07608874542103586
0.9,0.9,0.9,0.6,0.82719076,49925,0.07608874542103584
0.3,0.6,0.9,0.7,0.8271945,49925,0.08231026313915314
0.1,0.9,0.9,0.3,0.8272679,49925,0.08276270944030685
0.5,0.4,0.4,0.3,0.8273266,49925,0.07449911414396232
0.7,0.5,0.5,0.4,0.82756937,49925,0.07360478401812708
0.5,0.8,0.7,0.3,0.8276823,49925,0.07745383959058678
0.8,0.8,0.5,0.1,0.8278812,49925,0.07022930041193216
0.6,0.8,0.9,0.6,0.8281078,49925,0.07887456036039106
0.1,0.5,0.6,0.3,0.8281463,49925,0.083165150374325
0.2,0.3,0.4,0.3,0.828236,49925,0.08065265569428473
0.4,0.6,0.8,0.6,0.828236,49925,0.08065265569428473
0.3,0.7,0.6,0.2,0.8282723,49925,0.07885907417589334
0.9,0.2,0.3,0.6,0.8282868,49925,0.06715036521001365
0.8,0.2,0.2,0.3,0.8283582,49925,0.06344168337566108
0.2,0.8,0.7,0.2,0.82841945,49925,0.08064241777661946
0.8,0.6,0.8,0.8,0.82843196,49925,0.07681609542217159
0.4,0.3,0.4,0.4,0.82843196,49925,0.07681609542217159
0.9,0.7,0.8,0.7,0.8284529,49925,0.0756626843577068
0.9,0.3,0.4,0.6,0.82850385,49925,0.0699555373992684
0.6,0.4,0.5,0.5,0.8286647,49925,0.07539657030373292
0.1,0.5,0.9,0.7,0.828731,49925,0.08450606719553803
0.1,0.4,0.8,0.7,0.82894504,49925,0.08435742856854776
0.1,0.9,0.7,0.1,0.828989,49925,0.08089359697399598
0.6,0.6,0.8,0.7,0.82907474,49925,0.07865810186509906
0.8,0.6,0.5,0.3,0.82909554,49925,0.07182072812980254
0.9,0.8,0.7,0.4,0.82928073,49925,0.07375986133436765
0.5,0.6,0.7,0.5,0.8293397,49925,0.07862057446669399
0.1,0.4,0.6,0.4,0.8293553,49925,0.08383461495295247
0.5,0.5,0.8,0.8,0.8295456,49925,0.0798158618674897
0.8,0.5,0.6,0.6,0.82958347,49925,0.0744824427275107
0.9,0.9,0.7,0.3,0.82959855,49925,0.07317219180025769
0.4,0.1,0.2,0.4,0.829685,49925,0.0710965239925484
0.8,0.2,0.4,0.8,0.829685,49925,0.0710965239925484
0.4,0.5,0.9,0.9,0.82978874,49925,0.08139041302655335
0.6,0.3,0.2,0.1,0.8301217,49925,0.06485791842768633
0.4,0.8,0.9,0.5,0.83030224,49925,0.08064493596251238
0.5,0.9,0.7,0.2,0.8303182,49925,0.07674284246978168
0.2,0.7,0.9,0.5,0.83033633,49925,0.08296235590359484
0.5,0.6,0.9,0.8,0.8304584,49925,0.0803663486473476
0.8,0.7,0.9,0.8,0.83054066,49925,0.0775627280360424
0.6,0.9,0.6,0.1,0.83067995,49925,0.07390149433310203
0.4,0.2,0.5,0.8,0.83094484,49925,0.07795307455991429
0.6,0.5,0.4,0.2,0.83101714,49925,0.07211278209726335
0.2,0.5,0.4,0.1,0.8311158,49925,0.07842803307565054
0.5,0.4,0.7,0.8,0.83123475,49925,0.07911042172963106
0.4,0.9,0.9,0.4,0.83125025,49925,0.08013657412709478
0.4,0.4,0.8,0.9,0.83131397,49925,0.08089715745683707
0.7,0.9,0.9,0.5,0.83137274,49925,0.07761924531485036
0.8,0.9,0.8,0.4,0.8314518,49925,0.07557943567035844
0.1,0.3,0.7,0.7,0.8315307,49925,0.08408300173262093
0.6,0.2,0.4,0.7,0.83156717,49925,0.07367268825645636
0.4,0.7,0.9,0.6,0.8316405,49925,0.08107336182631832
0.7,0.7,0.6,0.3,0.8317053,49925,0.07435390042832073
0.7,0.8,0.6,0.2,0.8318416,49925,0.07364225402259221
0.3,0.6,0.7,0.4,0.8319076,49925,0.08091218109140177
0.3,0.1,0.4,0.8,0.8319351,49925,0.0772381243208218
0.2,0.8,0.8,0.3,0.831962,49925,0.08167897488121345
0.1,0.6,0.5,0.1,0.8319631,49925,0.08095475795655915
0.7,0.6,0.9,0.9,0.8320018,49925,0.07860293361463591
0.4,0.7,0.5,0.1,0.8320172,49925,0.07561308729545825
0.6,0.1,0.2,0.5,0.83205545,49925,0.06703185833708096
0.9,0.8,0.5,0.1,0.8321668,49925,0.06922399357951074
0.9,0.8,0.9,0.7,0.8321774,49925,0.07647709030175993
0.6,0.6,0.4,0.1,0.8321904,49925,0.07110412387450804
0.9,0.4,0.6,0.8,0.8321976,49925,0.07376678302372684
0.7,0.4,0.7,0.9,0.83222497,49925,0.07697364389763797
0.1,0.6,0.6,0.2,0.8322345,49925,0.08235039126436086
0.5,0.1,0.3,0.7,0.8322387,49925,0.07217331825840895
0.7,0.7,0.8,0.6,0.8324214,49925,0.07738204425439352
0.6,0.1,0.1,0.2,0.83248246,49925,0.05885184568300099
0.5,0.8,0.8,0.4,0.8324862,49925,0.07875133171125037
0.9,0.7,0.5,0.2,0.8324884,49925,0.06999644275373001
0.7,0.5,0.8,0.9,0.8326861,49925,0.0778880344431425
0.9,0.4,0.4,0.4,0.8327025,49925,0.06933952070302947
0.8,0.1,0.2,0.6,0.8328184,49925,0.06382571698508825
0.9,0.7,0.7,0.5,0.83285487,49925,0.07425209654760834
0.2,0.4,0.7,0.6,0.8329427,49925,0.08292107461728673
0.6,0.7,0.7,0.4,0.8330898,49925,0.07704505082920356
0.9,0.4,0.3,0.2,0.83310324,49925,0.06533990618126896
0.2,0.3,0.6,0.6,0.83311105,49925,0.08242102525145001
0.7,0.2,0.3,0.5,0.833139,49925,0.06967556029602028
0.2,0.8,0.9,0.4,0.8331958,49925,0.0824519748203829
0.9,0.5,0.7,0.8,0.8332029,49925,0.07498783745227182
0.9,0.4,0.5,0.6,0.83321255,49925,0.07199023280350747
0.6,0.7,0.9,0.7,0.8333101,49925,0.0792473087086456
0.1,0.5,0.7,0.4,0.8333746,49925,0.08389632720226742
0.2,0.5,0.8,0.6,0.8333818,49925,0.08321267077091861
0.8,0.8,0.8,0.5,0.83347857,49925,0.07608393837838975
0.5,0.7,0.8,0.5,0.83355194,49925,0.07925634825618344
0.3,0.8,0.6,0.1,0.8336196,49925,0.07800775471081299
0.3,0.7,0.7,0.3,0.8337025,49925,0.08027045468486448
0.4,0.4,0.5,0.4,0.8337435,49925,0.07817171825505013
0.5,0.3,0.6,0.8,0.8337504,49925,0.0781320455449639
0.8,0.1,0.3,0.9,0.8337869,49925,0.0676677945844883
0.3,0.4,0.6,0.5,0.8339067,49925,0.08087361041396264
0.7,0.6,0.6,0.4,0.83400774,49925,0.07498231215080436
0.6,0.8,0.7,0.3,0.83422947,49925,0.07642946083672882
0.3,0.3,0.5,0.5,0.8343601,49925,0.08007504558139295
0.6,0.5,0.6,0.5,0.8344114,49925,0.07663990784689569
0.9,0.3,0.5,0.8,0.83446395,49925,0.07217518664393227
0.2,0.9,0.8,0.2,0.8346653,49925,0.08100140490136501
0.7,0.4,0.6,0.7,0.8346924,49925,0.07582829517447286
0.4,0.6,0.6,0.3,0.8347461,49925,0.07844725365303325
0.5,0.9,0.8,0.3,0.8348546,49925,0.07814351051665083
0.7,0.9,0.6,0.1,0.8348581,49925,0.07287696426726226
0.8,0.6,0.7,0.6,0.83487415,49925,0.07559357225233637
0.2,0.4,0.5,0.3,0.8348756,49925,0.08137920760954695
0.2,0.1,0.3,0.5,0.83495706,49925,0.07867028886774918
0.8,0.5,0.5,0.4,0.835105,49925,0.07245446712280137
0.7,0.8,0.9,0.6,0.83515865,49925,0.0780477031175227
0.7,0.3,0.3,0.3,0.8353294,49925,0.06896297349835745
0.9,0.9,0.8,0.4,0.8354833,49925,0.07476371561196782
0.7,0.3,0.4,0.5,0.8355512,49925,0.07232653774016581
0.9,0.6,0.5,0.3,0.8356479,49925,0.07073212810935815
0.1,0.6,0.7,0.3,0.83564854,49925,0.08324854908792506
0.5,0.6,0.5,0.2,0.8357657,49925,0.0752362005876972
0.5,0.4,0.6,0.6,0.8360207,49925,0.0782148409702044
0.5,0.3,0.5,0.6,0.83602417,49925,0.07701822244141955
0.2,0.6,0.9,0.6,0.83604574,49925,0.08339525254491609
0.9,0.6,0.8,0.8,0.83624417,49925,0.07600853773569306
0.6,0.9,0.7,0.2,0.83640593,49925,0.07574013323571498
0.7,0.5,0.7,0.7,0.83643717,49925,0.07692619465062761
0.9,0.5,0.6,0.6,0.83661467,49925,0.07351308293039854
0.7,0.3,0.5,0.7,0.836622,49925,0.07439086511452153
0.6,0.2,0.5,0.9,0.8366506,49925,0.07523911567726799
0.7,0.6,0.4,0.1,0.83665425,49925,0.06979934614939512
0.2,0.4,0.9,0.9,0.83688235,49925,0.0834557638342148
0.2,0.9,0.7,0.1,0.83698434,49925,0.0798266525250344
0.2,0.9,0.9,0.3,0.83706534,49925,0.08190731665460683
0.7,0.3,0.2,0.1,0.8370675,49925,0.06310625312074683
0.3,0.8,0.7,0.2,0.8370906,49925,0.07952833223834044
0.6,0.4,0.4,0.3,0.8371453,49925,0.07299676110955376
0.4,0.5,0.8,0.7,0.83716285,49925,0.08095230943017397
0.3,0.2,0.5,0.7,0.8371789,49925,0.0797410830061327
0.7,0.6,0.8,0.7,0.83722925,49925,0.07774574385807287
0.8,0.9,0.9,0.5,0.8372914,49925,0.076818766334233
0.5,0.5,0.5,0.3,0.8373157,49925,0.07606695730125987
0.4,0.4,0.3,0.1,0.8373428,49925,0.07263779148827246
0.8,0.8,0.6,0.2,0.8373428,49925,0.07263779148827246
0.3,0.5,0.7,0.5,0.8374502,49925,0.08142215301125164
0.7,0.3,0.6,0.9,0.83746105,49925,0.07576336433472064
0.3,0.7,0.8,0.4,0.8375984,49925,0.08124368883199655
0.3,0.2,0.4,0.5,0.83760846,49925,0.07884920354607083
0.3,0.5,0.9,0.8,0.8376088,49925,0.08252082443992084
0.2,0.5,0.5,0.2,0.8377082,49925,0.08048174440926069
0.3,0.4,0.8,0.8,0.8377564,49925,0.08210614553914207
0.4,0.6,0.9,0.7,0.83777773,49925,0.08138895444720007
0.3,0.2,0.6,0.9,0.8377824,49925,0.08019296492902231
0.5,0.5,0.7,0.6,0.8380563,49925,0.07905267736644958
0.9,0.7,0.9,0.8,0.83810544,49925,0.07678997260475322
0.5,0.8,0.9,0.5,0.8381159,49925,0.07975074312444565
0.5,0.9,0.9,0.4,0.83816427,49925,0.07926396570889334
0.9,0.8,0.8,0.5,0.838307,49925,0.07524867415242813
0.8,0.7,0.8,0.6,0.8383242,49925,0.07651164052338423
0.2,0.1,0.4,0.7,0.8384458,49925,0.07945114803835374
0.8,0.7,0.6,0.3,0.83871216,49925,0.07335244756529916
0.4,0.7,0.6,0.2,0.83874285,49925,0.07762123427238843
0.4,0.4,0.7,0.7,0.8387619,49925,0.08038977573677844
0.4,0.5,0.6,0.4,0.83897257,49925,0.07907443306775468
0.8,0.9,0.6,0.1,0.83898324,49925,0.07189602781254284
0.5,0.7,0.5,0.1,0.8390699,49925,0.07430222722725083
0.6,0.8,0.8,0.4,0.8390868,49925,0.07780915166606425
0.3,0.4,0.4,0.2,0.8390868,49925,0.07780915166606425
0.1,0.1,0.3,0.4,0.83909965,49925,0.0818240694206295
0.2,0.2,0.6,0.8,0.83909965,49925,0.0818240694206295
0.5,0.2,0.2,0.2,0.8391596,49925,0.06820697082728898
0.3,0.6,0.8,0.5,0.8392095,49925,0.081771709025672
0.1,0.6,0.8,0.4,0.839314,49925,0.08388348096592682
0.4,0.3,0.7,0.9,0.83935124,49925,0.08016240125119972
0.7,0.5,0.4,0.2,0.8395148,49925,0.0707492570559268
0.7,0.8,0.7,0.3,0.83953226,49925,0.07547186806572131
0.7,0.4,0.5,0.5,0.83966655,49925,0.07416314362545119
0.1,0.4,0.9,0.8,0.83972734,49925,0.0845441358823507
0.1,0.2,0.7,0.9,0.8398714,49925,0.08325784574931931
0.8,0.6,0.9,0.9,0.8400144,49925,0.077813050697436
0.9,0.2,0.2,0.3,0.84028393,49925,0.061990791115954354
0.7,0.1,0.3,0.8,0.84028435,49925,0.06915621714260729
0.6,0.6,0.7,0.5,0.8404035,49925,0.07757953549098147
0.1,0.1,0.4,0.6,0.840524,49925,0.0818183566965693
0.5,0.6,0.8,0.6,0.8406867,49925,0.07968057771660703
0.1,0.4,0.7,0.5,0.84074605,49925,0.08430927961028331
0.3,0.8,0.8,0.3,0.8407857,49925,0.08066151593412822
0.7,0.7,0.7,0.4,0.8408493,49925,0.07606100938638465
0.6,0.5,0.8,0.8,0.84110916,49925,0.07890963502966221
0.2,0.2,0.5,0.6,0.8411434,49925,0.08166325827971814
0.9,0.2,0.4,0.8,0.84117043,49925,0.07004580110362585
0.1,0.5,0.8,0.5,0.84122634,49925,0.08435628226201473
0.6,0.6,0.9,0.8,0.84135884,49925,0.07951806340987906
0.8,0.5,0.8,0.9,0.84137374,49925,0.07703151821534665
0.8,0.6,0.4,0.1,0.8414224,49925,0.06855821797685573
0.1,0.2,0.6,0.7,0.8414702,49925,0.08349167541947436
0.6,0.9,0.8,0.3,0.84148186,49925,0.07721580590287168
0.2,0.5,0.6,0.3,0.84159017,49925,0.08178800324009874
0.5,0.2,0.3,0.4,0.841624,49925,0.07286946588507337
0.7,0.7,0.9,0.7,0.8416672,49925,0.078403887207286
0.8,0.8,0.9,0.6,0.8416991,49925,0.07723927171909604
0.5,0.7,0.9,0.6,0.8417473,49925,0.08015901745688032
0.4,0.7,0.7,0.3,0.841799,49925,0.07913611733213234
0.7,0.9,0.7,0.2,0.8418043,49925,0.0748226325670469
0.1,0.7,0.7,0.2,0.84186554,49925,0.08251737124561954
0.8,0.4,0.7,0.9,0.8418822,49925,0.07605157634716989
0.5,0.2,0.4,0.6,0.84202576,49925,0.07527293732076161
0.6,0.4,0.7,0.8,0.8421504,49925,0.07811928105388716
0.1,0.3,0.6,0.5,0.84220505,49925,0.08413243037221936
0.9,0.5,0.5,0.4,0.8422936,49925,0.07138209448966196
0.9,0.6,0.7,0.6,0.84239066,49925,0.07469851227906607
0.6,0.7,0.8,0.5,0.84239584,49925,0.078298538552085
0.9,0.8,0.6,0.2,0.8424313,49925,0.07167710531061895
0.5,0.3,0.4,0.4,0.84250116,49925,0.0751861132409093
0.5,0.5,0.9,0.9,0.8425074,49925,0.08054678226666462
0.1,0.7,0.8,0.3,0.84251237,49925,0.08331958871672479
0.6,0.6,0.5,0.2,0.84254,49925,0.07393318463699397
0.4,0.8,0.6,0.1,0.8425498,49925,0.07679396258031554
0.3,0.7,0.9,0.5,0.84263545,49925,0.08203970632605503
0.3,0.3,0.7,0.8,0.8427335,49925,0.08155811198233723
0.1,0.6,0.9,0.5,0.8427975,49925,0.08434487441773687
0.4,0.3,0.6,0.7,0.842824,49925,0.0795794576198826
0.4,0.6,0.7,0.4,0.84289527,49925,0.07974832837805278
0.1,0.7,0.6,0.1,0.8429299,49925,0.08137852498903607
0.4,0.3,0.3,0.2,0.84307307,49925,0.07394298459160742
0.8,0.6,0.6,0.4,0.84307307,49925,0.07394298459160742
0.3,0.8,0.9,0.4,0.8430951,49925,0.08153609374632065
0.9,0.9,0.9,0.5,0.84333444,49925,0.07603768110238812
0.3,0.5,0.4,0.1,0.84333676,49925,0.07662169480171074
0.2,0.6,0.5,0.1,0.84343433,49925,0.07944648875173439
0.7,0.5,0.6,0.5,0.843639,49925,0.07550823592140103
0.9,0.9,0.6,0.1,0.8437204,49925,0.07097551131802346
0.8,0.3,0.2,0.1,0.8437432,49925,0.061535269730863894
0.7,0.2,0.4,0.7,0.8438382,49925,0.07241691720308376
0.3,0.9,0.7,0.1,0.843906,49925,0.07876289799872771
0.2,0.5,0.9,0.7,0.8440217,49925,0.08362564901357789
0.9,0.7,0.6,0.3,0.8441293,49925,0.0723473295675285
0.3,0.9,0.8,0.2,0.84414715,49925,0.08002169730272987
0.5,0.6,0.6,0.3,0.8441627,49925,0.07720008014820331
0.9,0.7,0.8,0.6,0.844215,49925,0.07566841965174496
0.5,0.4,0.8,0.9,0.8443575,49925,0.07995592250377051
0.8,0.4,0.6,0.7,0.8444248,49925,0.07479241039287594
0.8,0.3,0.3,0.3,0.8448472,49925,0.06749704279643175
0.5,0.1,0.4,0.9,0.8448756,49925,0.07415379839660441
0.9,0.1,0.2,0.6,0.84492874,49925,0.06252230370312464
0.2,0.1,0.5,0.9,0.8450048,49925,0.07982773788937671
0.6,0.7,0.5,0.1,0.84502053,49925,0.07305753991868258
0.1,0.1,0.5,0.8,0.84504074,49925,0.0816786963974972
0.8,0.5,0.7,0.7,0.84508115,49925,0.07597114270941985
0.4,0.1,0.3,0.6,0.8450916,49925,0.07421116320585991
0.7,0.1,0.1,0.2,0.8451367,49925,0.05681126845060715
0.5,0.2,0.5,0.8,0.84518915,49925,0.07670036269034589
0.1,0.7,0.9,0.4,0.84529257,49925,0.08389939528996143
0.4,0.8,0.7,0.2,0.8453221,49925,0.07842575351284374
0.8,0.8,0.7,0.3,0.8453862,49925,0.07452095164348216
0.6,0.9,0.9,0.4,0.8453964,49925,0.07841014209137935
0.2,0.3,0.8,0.9,0.8455404,49925,0.08301769427121646
0.8,0.9,0.7,0.2,0.84574664,49925,0.0739162269741738
0.6,0.3,0.6,0.8,0.845786,49925,0.07705002994326222
0.6,0.8,0.9,0.5,0.84588575,49925,0.078888871813757
0.6,0.5,0.5,0.3,0.846018,49925,0.07474966282563142
0.2,0.4,0.8,0.7,0.84602356,49925,0.08337391894488476
0.5,0.7,0.6,0.2,0.8460715,49925,0.07642739909092557
0.5,0.4,0.5,0.4,0.84618014,49925,0.07674668691930651
0.8,0.6,0.8,0.7,0.84637594,49925,0.07688087701201092
0.3,0.9,0.9,0.3,0.8464222,49925,0.0810109800890276
0.2,0.6,0.6,0.2,0.8464222,49925,0.0810109800890276
0.1,0.3,0.3,0.1,0.8464222,49925,0.0810109800890276
0.3,0.5,0.8,0.6,0.8464473,49925,0.08215453775145536
0.4,0.7,0.8,0.4,0.8465079,49925,0.08025286057778745
0.5,0.4,0.3,0.1,0.8465498,49925,0.07078313316220942
0.8,0.3,0.4,0.5,0.84656656,49925,0.07104789479826643
0.7,0.8,0.8,0.4,0.84681034,49925,0.07690285098015702
0.8,0.3,0.5,0.7,0.8470732,49925,0.07328874155764775
0.8,0.5,0.4,0.2,0.8471247,49925,0.0694597217417664
0.8,0.3,0.6,0.9,0.8471646,49925,0.07480302135908108
0.2,0.3,0.5,0.4,0.8472906,49925,0.08196787192960099
0.7,0.6,0.7,0.5,0.84735006,49925,0.07655661863756683
0.6,0.5,0.7,0.6,0.8474212,49925,0.07799415589474996
0.7,0.9,0.8,0.3,0.84742796,49925,0.07633458451223434
0.3,0.4,0.7,0.6,0.8474965,49925,0.08174251094232696
0.6,0.4,0.6,0.6,0.84759027,49925,0.0770518255482265
0.3,0.2,0.3,0.3,0.84759027,49925,0.0770518255482265
0.9,0.6,0.9,0.9,0.84759027,49925,0.07705182554822651
0.8,0.2,0.3,0.5,0.8476572,49925,0.06831517908597358
0.7,0.4,0.4,0.3,0.84766114,49925,0.07159411432584759
0.9,0.1,0.3,0.9,0.84768176,49925,0.06662028986819979
0.9,0.6,0.4,0.1,0.847809,49925,0.06742722894379417
0.1,0.3,0.8,0.8,0.8478292,49925,0.08427699672367228
0.8,0.7,0.7,0.4,0.8480609,49925,0.07510920047860728
0.9,0.8,0.9,0.6,0.84812176,49925,0.07645586879215241
0.5,0.6,0.9,0.7,0.84815043,49925,0.08049628004047697
0.2,0.4,0.6,0.4,0.8481852,49925,0.0824200073710457
0.3,0.6,0.9,0.6,0.8481852,49925,0.0824200073710457
0.1,0.2,0.3,0.2,0.8481852,49925,0.0824200073710457
0.2,0.6,0.7,0.3,0.8483168,49925,0.08209054443524172
0.2,0.5,0.7,0.4,0.84832597,49925,0.08268334370992733
0.1,0.8,0.9,0.3,0.84838486,49925,0.08333257226080681
0.4,0.5,0.9,0.8,0.84868145,49925,0.08160402666842037
0.8,0.7,0.9,0.7,0.848778,49925,0.07760996511957248
0.4,0.5,0.7,0.5,0.84889156,49925,0.08025460717943744
0.1,0.8,0.8,0.2,0.84901243,49925,0.08264785405758175
0.1,0.5,0.9,0.6,0.8490269,49925,0.08467686091831605
0.7,0.1,0.2,0.5,0.8490542,49925,0.0654357491607707
0.9,0.5,0.8,0.9,0.84907675,49925,0.07620406001428828
0.6,0.3,0.5,0.6,0.8493498,49925,0.07573270043654239
0.7,0.6,0.9,0.8,0.84944963,49925,0.0787018599071321
0.3,0.5,0.5,0.2,0.8495836,49925,0.078904992610391
0.8,0.4,0.5,0.5,0.8496005,49925,0.0730092250969019
0.4,0.4,0.6,0.5,0.8496235,49925,0.07957268074917945
0.4,0.8,0.8,0.3,0.84969723,49925,0.07967486546131344
0.7,0.2,0.5,0.9,0.84974873,49925,0.07417340141639539
0.5,0.5,0.8,0.7,0.8497502,49925,0.07997283028717812
0.9,0.6,0.6,0.4,0.84990263,49925,0.07294100980663208
0.7,0.6,0.5,0.2,0.85005677,49925,0.07272148697104747
0.3,0.3,0.4,0.3,0.8500636,49925,0.07872700751761538
0.6,0.6,0.8,0.6,0.8500636,49925,0.07872700751761538
0.1,0.2,0.5,0.5,0.8501801,49925,0.08372568522202185
0.5,0.8,0.6,0.1,0.85018164,49925,0.0756224065173694
0.4,0.9,0.7,0.1,0.85020274,49925,0.07767412526192559
0.9,0.3,0.2,0.1,0.850262,49925,0.060095349852786306
0.5,0.5,0.6,0.4,0.8502787,49925,0.07783784991017277
0.6,0.1,0.3,0.7,0.85034037,49925,0.07078216550917957
0.6,0.7,0.9,0.6,0.8505942,49925,0.07927484854272081
0.7,0.9,0.9,0.4,0.8506041,49925,0.07756468985865808
0.9,0.9,0.7,0.2,0.8506357,49925,0.07302395066044129
0.1,0.8,0.7,0.1,0.8506477,49925,0.08167855457074373
0.2,0.3,0.7,0.7,0.8507077,49925,0.08297637139619556
0.9,0.8,0.7,0.3,0.8507232,49925,0.07360960873411346
0.5,0.7,0.7,0.3,0.8507447,49925,0.0780325778527647
0.7,0.5,0.8,0.8,0.85078925,49925,0.07803158124617156
0.7,0.7,0.8,0.5,0.85083747,49925,0.07738794184792273
0.6,0.2,0.2,0.2,0.85090077,49925,0.06615291636854045
0.3,0.1,0.1,0.1,0.85090077,49925,0.06615291636854045
0.9,0.3,0.3,0.3,0.85090077,49925,0.06615291636854045
0.8,0.5,0.6,0.5,0.85104024,49925,0.07445148833518263
0.1,0.4,0.8,0.6,0.8510886,49925,0.08459189184321309
0.7,0.7,0.5,0.1,0.8512043,49925,0.07187399853446415
0.5,0.1,0.2,0.4,0.8512858,49925,0.06904587324054623
0.3,0.3,0.6,0.6,0.8513329,49925,0.08111310987152975
0.1,0.1,0.2,0.2,0.8513329,49925,0.08111310987152975
0.2,0.2,0.4,0.4,0.8513329,49925,0.08111310987152975
0.4,0.4,0.8,0.8,0.8513329,49925,0.08111310987152975
0.9,0.4,0.7,0.9,0.8513368,49925,0.07517547396161357
0.1,0.3,0.4,0.2,0.8513856,49925,0.08284660116511913
0.2,0.6,0.8,0.4,0.8513856,49925,0.08284660116511913
0.3,0.4,0.9,0.9,0.8514367,49925,0.08258305620382442
0.4,0.3,0.5,0.5,0.85148907,49925,0.07861505529792845
0.4,0.9,0.8,0.2,0.8517204,49925,0.07904700193039794
0.4,0.6,0.8,0.5,0.8517379,49925,0.08075451083817708
0.6,0.5,0.9,0.9,0.8517759,49925,0.07971280945442458
0.9,0.5,0.4,0.2,0.8518329,49925,0.06826883224629104
0.2,0.7,0.6,0.1,0.85209465,49925,0.08012178078498107
0.2,0.7,0.7,0.2,0.85214216,49925,0.08137546244961674
0.5,0.3,0.7,0.9,0.8521871,49925,0.07914950582667389
0.4,0.8,0.9,0.4,0.85242087,49925,0.08065506390238998
0.4,0.4,0.4,0.2,0.8524632,49925,0.07602579438725696
0.6,0.6,0.6,0.3,0.8524632,49925,0.07602579438725697
0.2,0.2,0.2,0.1,0.8524632,49925,0.07602579438725696
0.8,0.8,0.8,0.4,0.8524632,49925,0.07602579438725696
0.5,0.6,0.7,0.4,0.85253465,49925,0.07862539435484993
0.6,0.7,0.6,0.2,0.8525444,49925,0.07529516242887005
0.3,0.4,0.5,0.3,0.8526139,49925,0.07973741420621015
0.8,0.9,0.8,0.3,0.8527583,49925,0.07548253603034079
0.7,0.8,0.9,0.5,0.8527863,49925,0.07803076729367471
0.5,0.4,0.7,0.7,0.8528107,49925,0.07932042049409582
0.7,0.4,0.7,0.8,0.8529365,49925,0.07714584240509585
0.9,0.5,0.7,0.7,0.85320395,49925,0.07504408654611065
0.9,0.4,0.6,0.7,0.85329044,49925,0.07380125290047994
0.4,0.7,0.9,0.5,0.85331196,49925,0.08111272769450914
0.5,0.8,0.7,0.2,0.8533499,49925,0.07734941752736003
0.4,0.9,0.9,0.3,0.8534273,49925,0.08011261327371122
0.9,0.6,0.8,0.7,0.8538227,49925,0.07601872952683197
0.8,0.1,0.3,0.8,0.85387117,49925,0.06800380991496793
0.3,0.6,0.5,0.1,0.8538931,49925,0.07789724559145658
0.9,0.7,0.9,0.7,0.8539474,49925,0.07680273495544179
0.4,0.1,0.4,0.8,0.85410666,49925,0.07590882235158032
0.2,0.7,0.8,0.3,0.8543028,49925,0.08229225618524512
0.4,0.5,0.4,0.1,0.8543356,49925,0.07491140037316095
0.6,0.4,0.3,0.1,0.8546378,49925,0.06905725342597395
0.8,0.6,0.7,0.5,0.85467386,49925,0.07557523976573528
0.1,0.9,0.9,0.2,0.85472333,49925,0.08273707750577623
0.1,0.3,0.7,0.6,0.8549267,49925,0.08441921839784083
0.6,0.4,0.8,0.9,0.85518765,49925,0.07904064496498335
0.8,0.7,0.5,0.1,0.85525167,49925,0.0707475580935001
0.8,0.2,0.4,0.7,0.8555398,49925,0.07122494521831038
0.8,0.7,0.8,0.5,0.8555763,49925,0.07648502028522308
0.9,0.7,0.7,0.4,0.85561985,49925,0.07418723668640884
0.2,0.7,0.9,0.4,0.85570663,49925,0.08296222380443845
0.6,0.8,0.6,0.1,0.855838,49925,0.07451654158479515
0.4,0.2,0.5,0.7,0.8559215,49925,0.07837240359315596
0.7,0.5,0.5,0.3,0.8559229,49925,0.07348379783133181
0.8,0.6,0.5,0.2,0.8560035,49925,0.07157316592999553
0.6,0.3,0.4,0.4,0.8560596,49925,0.07366746124850218
0.4,0.2,0.6,0.9,0.8561177,49925,0.07907087162609616
0.2,0.6,0.9,0.5,0.85612226,49925,0.08343923157435082
0.5,0.8,0.8,0.3,0.8562301,49925,0.07870476583386142
0.6,0.4,0.5,0.4,0.8563072,49925,0.07539064572504638
0.5,0.7,0.8,0.4,0.8563534,49925,0.07926796362253265
0.8,0.4,0.4,0.3,0.85637623,49925,0.07028759080019403
0.1,0.9,0.8,0.1,0.8564374,49925,0.08188973783308078
0.9,0.3,0.4,0.5,0.8565775,49925,0.06984601571445855
0.3,0.5,0.6,0.3,0.85660577,49925,0.08042546924977971
0.8,0.6,0.9,0.8,0.8566789,49925,0.07787780115444518
0.2,0.4,0.9,0.8,0.8567783,49925,0.08372524394398294
0.8,0.9,0.9,0.4,0.85700816,49925,0.07677566772696333
0.5,0.3,0.3,0.2,0.8570945,49925,0.07198131355435487
0.3,0.6,0.6,0.2,0.8571036,49925,0.07966532384473246
0.9,0.9,0.8,0.3,0.8571647,49925,0.07465386492689954
0.7,0.5,0.7,0.6,0.8572,49925,0.07697836284119465
0.2,0.4,0.7,0.5,0.8572649,49925,0.08315165799477718
0.7,0.6,0.8,0.6,0.8573039,49925,0.07778807289360436
0.9,0.3,0.5,0.7,0.85735255,49925,0.07223451548673944
0.5,0.3,0.6,0.7,0.85740256,49925,0.0783949032451914
0.2,0.5,0.8,0.5,0.8575578,49925,0.08334349947651609
0.9,0.5,0.6,0.5,0.857567,49925,0.07344115808744807
0.3,0.5,0.9,0.7,0.8576795,49925,0.08269353118195938
0.4,0.2,0.4,0.5,0.8577008,49925,0.07714655472386868
0.5,0.9,0.7,0.1,0.85770196,49925,0.07662732590371442
0.4,0.6,0.9,0.6,0.8578391,49925,0.08150257488885443
0.6,0.7,0.7,0.3,0.8579601,49925,0.07698849928668744
0.8,0.1,0.1,0.2,0.85802895,49925,0.05498658620210135
0.7,0.7,0.9,0.6,0.8580418,49925,0.07842721931519078
0.6,0.6,0.9,0.7,0.8580556,49925,0.07960089431077165
0.2,0.8,0.9,0.3,0.85809886,49925,0.08244765589580945
0.6,0.2,0.3,0.4,0.85811174,49925,0.0711424657819349
0.9,0.2,0.3,0.5,0.8581987,49925,0.06703831541014019
0.4,0.5,0.8,0.6,0.8584626,49925,0.08113224081505051
0.9,0.3,0.6,0.9,0.85853326,49925,0.07387300626817704
0.6,0.2,0.4,0.6,0.85853326,49925,0.07387300626817703
0.3,0.1,0.2,0.3,0.85853326,49925,0.07387300626817703
0.2,0.8,0.8,0.2,0.8585495,49925,0.08163691022092942
0.1,0.4,0.4,0.1,0.8585495,49925,0.08163691022092942
0.8,0.5,0.8,0.8,0.85855436,49925,0.07714208338683495
0.9,0.8,0.8,0.4,0.85867995,49925,0.07515784565947543
0.7,0.4,0.6,0.6,0.858713,49925,0.0759137399846387
0.5,0.9,0.8,0.2,0.8588456,49925,0.07807089838344813
0.7,0.7,0.6,0.2,0.85890186,49925,0.07420178025114572
0.4,0.3,0.7,0.8,0.8589022,49925,0.08047867648670683
0.9,0.4,0.5,0.5,0.8589095,49925,0.07189395482537256
0.3,0.6,0.7,0.3,0.8591531,49925,0.08090768360450094
0.2,0.8,0.7,0.1,0.859159,49925,0.08058703317779417
0.7,0.3,0.6,0.8,0.8592785,49925,0.07598114207678702
0.6,0.5,0.6,0.4,0.8593987,49925,0.07662133102957279
0.3,0.4,0.8,0.7,0.8594602,49925,0.08235901125498993
0.9,0.7,0.5,0.1,0.8595004,49925,0.06969712827425623
0.5,0.5,0.9,0.8,0.8596256,49925,0.08068640780893747
0.6,0.2,0.5,0.8,0.85978687,49925,0.07552165637897076
0.1,0.4,0.5,0.2,0.85979414,49925,0.08303705893185621
0.5,0.8,0.9,0.4,0.85991067,49925,0.07974956029112372
0.3,0.2,0.6,0.8,0.8599882,49925,0.08064699571386884
0.4,0.5,0.5,0.2,0.8600527,49925,0.07737389619284649
0.8,0.8,0.9,0.5,0.86019784,49925,0.07720914261623989
0.5,0.5,0.7,0.5,0.8602092,49925,0.0791155299757443
0.6,0.5,0.8,0.7,0.8602468,49925,0.07902799604898832
0.7,0.8,0.6,0.1,0.86050475,49925,0.07343322295680066
0.7,0.6,0.6,0.3,0.860701,49925,0.07488662472893698
0.5,0.9,0.9,0.3,0.8607394,49925,0.07922396468511501
0.6,0.8,0.7,0.2,0.8608137,49925,0.0763183418448908
0.1,0.4,0.9,0.7,0.860858,49925,0.08475466840627773
0.1,0.3,0.9,0.9,0.8609012,49925,0.08437488851747559
0.5,0.6,0.8,0.5,0.86103976,49925,0.0797282550695063
0.2,0.2,0.7,0.9,0.8613495,49925,0.08232279725418008
0.3,0.3,0.8,0.9,0.86136115,49925,0.08207298047214275
0.7,0.3,0.5,0.6,0.86141884,49925,0.07448457847855684
0.7,0.2,0.2,0.2,0.8615304,49925,0.0643314318050331
0.8,0.1,0.2,0.5,0.86153656,49925,0.06396450807311647
0.7,0.4,0.3,0.1,0.86161786,49925,0.06748460028742624
0.7,0.5,0.9,0.9,0.8616293,49925,0.07891658127458925
0.9,0.6,0.5,0.2,0.86172956,49925,0.0704674603647164
0.1,0.3,0.5,0.3,0.86173064,49925,0.08384571277812242
0.6,0.6,0.7,0.4,0.86187625,49925,0.07754668940060692
0.3,0.7,0.6,0.1,0.8618822,49925,0.07879353735621952
0.1,0.4,0.6,0.3,0.8619177,49925,0.08390262134859133
0.3,0.1,0.3,0.5,0.86200476,49925,0.07661154088896147
0.9,0.9,0.9,0.4,0.86206365,49925,0.07599427816107429
0.5,0.4,0.6,0.5,0.86225003,49925,0.07834550810088656
0.5,0.5,0.4,0.1,0.8623186,49925,0.07329651176204618
0.5,0.7,0.9,0.5,0.86234605,49925,0.08020414554576878
0.9,0.4,0.4,0.3,0.86236185,49925,0.06905978527896607
0.6,0.1,0.4,0.9,0.86239576,49925,0.07299758798384602
0.4,0.4,0.7,0.6,0.86252713,49925,0.08055133933419394
0.8,0.4,0.7,0.8,0.8625294,49925,0.07618573753824033
0.8,0.2,0.5,0.9,0.86253417,49925,0.07314532633814132
0.3,0.7,0.7,0.2,0.8628086,49925,0.08019474797794236
0.9,0.6,0.7,0.5,0.86310434,49925,0.07465690319079347
0.3,0.5,0.7,0.4,0.86319435,49925,0.08150596736247778
0.6,0.4,0.7,0.7,0.86319643,49925,0.07828282585434229
0.1,0.2,0.7,0.8,0.8632882,49925,0.0837147103045292
0.2,0.9,0.9,0.2,0.86330545,49925,0.0818520683724624
0.6,0.8,0.8,0.3,0.8633702,49925,0.07772275035829712
0.3,0.4,0.6,0.4,0.8635312,49925,0.08105926529515461
0.4,0.4,0.9,0.9,0.86356527,49925,0.08169238611686676
0.6,0.7,0.8,0.4,0.863675,49925,0.07827380695129603
0.4,0.6,0.5,0.1,0.8636794,49925,0.07640293273789905
0.3,0.6,0.8,0.4,0.8636897,49925,0.08181257294084335
0.8,0.5,0.5,0.3,0.86373883,49925,0.07228707213333477
0.6,0.9,0.7,0.1,0.86374295,49925,0.07560822851999618
0.9,0.7,0.8,0.5,0.86388195,49925,0.07560056385923601
0.4,0.3,0.4,0.3,0.863962,49925,0.07687325898028001
0.8,0.6,0.8,0.6,0.863962,49925,0.07687325898028001
0.2,0.3,0.6,0.5,0.8640211,49925,0.08277165586781109
0.5,0.4,0.8,0.8,0.8641061,49925,0.08015094007397498
0.1,0.5,0.6,0.2,0.86436856,49925,0.08313719253778945
0.5,0.4,0.4,0.2,0.8643828,49925,0.07435638930943947
0.2,0.5,0.9,0.6,0.8643843,49925,0.08376727114039825
0.9,0.6,0.9,0.8,0.8646645,49925,0.07709460157052683
0.3,0.7,0.8,0.3,0.8647126,49925,0.08123883173190033
0.3,0.2,0.5,0.6,0.8647388,49925,0.08019697533509806
0.8,0.7,0.9,0.6,0.8647703,49925,0.07759560772494507
0.2,0.9,0.8,0.1,0.86489797,49925,0.08093580179267543
0.8,0.7,0.6,0.2,0.86490285,49925,0.07312517529670716
0.3,0.1,0.4,0.7,0.8651666,49925,0.07792116653254934
0.7,0.4,0.5,0.4,0.86525136,49925,0.07410559863288377
0.7,0.7,0.7,0.3,0.8653626,49925,0.07598103717682729
0.6,0.9,0.8,0.2,0.8654609,49925,0.07711665759877721
0.5,0.1,0.3,0.6,0.865463,49925,0.07258853709571268
0.8,0.8,0.6,0.1,0.86561424,49925,0.07240521602010383
0.2,0.3,0.8,0.8,0.8658839,49925,0.08336932417550932
0.3,0.3,0.5,0.4,0.865913,49925,0.08032724040722432
0.3,0.7,0.9,0.4,0.8659811,49925,0.08201838797587002
0.1,0.5,0.7,0.3,0.86598134,49925,0.08387452969115111
0.3,0.3,0.7,0.7,0.8660466,49925,0.08186286575310987
0.9,0.8,0.9,0.5,0.8660815,49925,0.07640668001358027
0.7,0.8,0.7,0.2,0.86608297,49925,0.07532517458893123
0.2,0.2,0.6,0.7,0.86614084,49925,0.08231903308381051
0.5,0.3,0.5,0.5,0.8661476,49925,0.07720450816509893
0.9,0.2,0.4,0.7,0.86618704,49925,0.07011470991413778
0.8,0.5,0.7,0.6,0.8662143,49925,0.07599732172054895
0.4,0.4,0.5,0.3,0.86622345,49925,0.07817867560865814
0.7,0.1,0.3,0.7,0.86622536,49925,0.06947017021979318
0.6,0.3,0.7,0.9,0.86624694,49925,0.078153677573739
0.3,0.8,0.8,0.2,0.8665322,49925,0.08060747194063247
0.6,0.8,0.9,0.4,0.86670566,49925,0.07888530933038895
0.7,0.4,0.8,0.9,0.86696994,49925,0.07816351949498875
0.3,0.8,0.9,0.3,0.8670445,49925,0.08150143251524582
0.7,0.6,0.9,0.7,0.8670712,49925,0.0787617794142895
0.3,0.1,0.5,0.9,0.86712605,49925,0.07863709666476455
0.9,0.5,0.8,0.8,0.8672002,49925,0.07629657875001958
0.1,0.4,0.7,0.4,0.8673051,49925,0.08441722147095759
0.1,0.5,0.5,0.1,0.8674176,49925,0.08200886699550308
0.3,0.6,0.9,0.5,0.8674365,49925,0.08248859235495219
0.5,0.6,0.9,0.6,0.8675069,49925,0.08060357306035662
0.8,0.4,0.3,0.1,0.867604,49925,0.06602338234771865
0.7,0.5,0.6,0.4,0.86780626,49925,0.0754581173692196
0.4,0.3,0.6,0.6,0.867807,49925,0.07983062504709859
0.7,0.3,0.4,0.4,0.867846,49925,0.07225039225506724
0.6,0.3,0.3,0.2,0.867849,49925,0.07019919212702876
0.6,0.9,0.9,0.3,0.8678761,49925,0.07834498120180411
0.4,0.6,0.6,0.2,0.8678761,49925,0.07834498120180411
0.2,0.3,0.3,0.1,0.8678761,49925,0.07834498120180411
0.1,0.5,0.8,0.4,0.8680061,49925,0.08436361254878119
0.9,0.8,0.6,0.1,0.868125,49925,0.0714302545895228
0.1,0.3,0.8,0.7,0.8681563,49925,0.0845474722303661
0.9,0.1,0.1,0.2,0.8682101,49925,0.05337527664893729
0.9,0.1,0.3,0.8,0.8683852,49925,0.0668829487599739
0.1,0.2,0.4,0.3,0.8683947,49925,0.08358348616711289
0.2,0.4,0.8,0.6,0.8683947,49925,0.08358348616711289
0.3,0.8,0.7,0.1,0.8684819,49925,0.0794593047208569
0.4,0.5,0.9,0.7,0.86854357,49925,0.08176703491817691
0.3,0.5,0.8,0.5,0.86859334,49925,0.08225819880116476
0.8,0.4,0.6,0.6,0.86863005,49925,0.07483208982560571
0.4,0.2,0.3,0.3,0.86863005,49925,0.07483208982560571
0.1,0.6,0.9,0.4,0.8686737,49925,0.08430804659171258
0.8,0.6,0.6,0.3,0.86874723,49925,0.07381649181293685
0.4,0.5,0.6,0.3,0.8688844,49925,0.07908733641355768
0.6,0.6,0.8,0.5,0.8688853,49925,0.07872396831598501
0.6,0.5,0.4,0.1,0.869022,49925,0.07180212830780537
0.1,0.6,0.7,0.2,0.8691093,49925,0.08318816030092828
0.1,0.6,0.8,0.3,0.8691398,49925,0.0838446766014316
0.7,0.9,0.7,0.1,0.86925435,49925,0.07466863666268463
0.9,0.7,0.6,0.2,0.86961794,49925,0.07212770773903333
0.3,0.9,0.9,0.2,0.8697124,49925,0.08093120493778574
0.5,0.5,0.8,0.6,0.8697817,49925,0.08010114112835791
0.7,0.6,0.7,0.4,0.87004274,49925,0.07652174513624128
0.6,0.5,0.7,0.5,0.8701293,49925,0.07803956172151641
0.8,0.3,0.6,0.8,0.8701669,49925,0.07493915208285769
0.8,0.7,0.7,0.3,0.8702258,49925,0.0749716231342133
0.3,0.4,0.9,0.8,0.8702526,49925,0.08281953420016108
0.6,0.1,0.2,0.4,0.8702722,49925,0.06716592525044288
0.7,0.5,0.8,0.7,0.8703307,49925,0.07810884482480156
0.7,0.2,0.3,0.4,0.87040377,49925,0.06957619536927692
0.7,0.8,0.8,0.3,0.87042403,49925,0.07679783982794956
0.9,0.4,0.7,0.8,0.8704508,49925,0.0752626473506543
0.9,0.5,0.5,0.3,0.8704793,49925,0.07115738185918186
0.5,0.5,0.5,0.2,0.87050474,49925,0.07595432335875084
0.1,0.7,0.9,0.3,0.87057936,49925,0.08381461312560146
0.7,0.7,0.8,0.4,0.8706938,49925,0.07733044836926728
0.5,0.2,0.6,0.9,0.8707322,49925,0.07798127680561787
0.9,0.7,0.9,0.6,0.8707443,49925,0.07678516380622057
0.6,0.5,0.9,0.8,0.8708305,49925,0.07983614187139282
0.4,0.6,0.7,0.3,0.8708878,49925,0.07974382750618002
0.8,0.5,0.9,0.9,0.87095815,49925,0.07808284957952646
0.6,0.3,0.6,0.7,0.87104124,49925,0.07725221414433328
0.7,0.9,0.8,0.2,0.87130916,49925,0.07620782804919117
0.9,0.2,0.5,0.9,0.8713182,49925,0.07216050140484928
0.6,0.7,0.9,0.5,0.87137365,49925,0.07930564634463164
0.8,0.8,0.7,0.2,0.8713869,49925,0.07437749620695563
0.1,0.2,0.6,0.6,0.87149423,49925,0.08401575167922529
0.8,0.3,0.5,0.6,0.8715491,49925,0.07331616278376915
0.4,0.7,0.7,0.2,0.8715917,49925,0.0790729467741155
0.1,0.5,0.9,0.5,0.87181497,49925,0.08472883940800253
0.4,0.1,0.1,0.1,0.8718749,49925,0.06266083242480576
0.8,0.2,0.2,0.2,0.8718749,49925,0.06266083242480576
0.2,0.1,0.5,0.8,0.8719636,49925,0.0804874832710092
0.4,0.7,0.6,0.1,0.872095,49925,0.07751839482531221
0.7,0.2,0.5,0.8,0.8721156,49925,0.0743856566846275
0.5,0.2,0.5,0.7,0.8721805,49925,0.07706747643332507
0.7,0.8,0.9,0.4,0.8724141,49925,0.07798413711963555
0.3,0.9,0.8,0.1,0.8725024,49925,0.07994985172238951
0.7,0.2,0.4,0.6,0.87266946,49925,0.07253740576680248
0.9,0.4,0.3,0.1,0.87278247,49925,0.06467521995125686
0.1,0.6,0.6,0.1,0.87280226,49925,0.08224314844907761
0.8,0.9,0.7,0.1,0.8729532,49925,0.07373169010991165
0.9,0.6,0.8,0.6,0.87297785,49925,0.07601713704138971
0.4,0.4,0.8,0.7,0.873093,49925,0.08133708036550005
0.5,0.6,0.5,0.1,0.8731506,49925,0.07501994786752114
0.6,0.4,0.6,0.5,0.8732723,49925,0.07710208511741944
0.3,0.4,0.7,0.5,0.8733014,49925,0.08192779305622175
0.9,0.5,0.7,0.6,0.87333995,49925,0.07505085014247781
0.1,0.3,0.6,0.4,0.8733677,49925,0.08436887422720014
0.1,0.1,0.6,0.9,0.8733804,49925,0.0821464052350166
0.7,0.9,0.9,0.3,0.87339175,49925,0.07748406992214435
0.4,0.7,0.8,0.3,0.8735153,49925,0.08022291573053153
0.7,0.5,0.4,0.1,0.873546,49925,0.07037758264473724
0.1,0.7,0.8,0.2,0.87360704,49925,0.08320637789092906
0.5,0.3,0.7,0.8,0.8741526,49925,0.07940590049113982
0.7,0.4,0.7,0.7,0.8743561,49925,0.07727249482872586
0.4,0.6,0.8,0.4,0.87438524,49925,0.08074185464405183
0.2,0.3,0.4,0.2,0.87438524,49925,0.08074185464405183
0.5,0.1,0.4,0.8,0.8745881,49925,0.0746064272667351
0.4,0.5,0.7,0.4,0.8746175,49925,0.0803243430074227
0.8,0.4,0.5,0.4,0.8746956,49925,0.07287775399210179
0.8,0.6,0.9,0.7,0.87470114,49925,0.07794045826249046
0.1,0.1,0.5,0.7,0.87488043,49925,0.08243571587739446
0.2,0.1,0.4,0.6,0.8750744,49925,0.0801934197228451
0.2,0.2,0.5,0.5,0.87508523,49925,0.08212552164547213
0.4,0.7,0.9,0.4,0.87531024,49925,0.08110501366103443
0.8,0.8,0.8,0.3,0.8753142,49925,0.07591963229836828
0.5,0.4,0.9,0.9,0.8753236,49925,0.0808053559248623
0.4,0.8,0.8,0.2,0.87536144,49925,0.07957526407339495
0.2,0.4,0.4,0.1,0.87536144,49925,0.07957526407339495
0.7,0.1,0.4,0.9,0.8753999,49925,0.07187726269598525
0.6,0.4,0.4,0.2,0.8754405,49925,0.07276810712676693
0.3,0.2,0.2,0.1,0.8754405,49925,0.07276810712676693
0.9,0.6,0.6,0.3,0.8754405,49925,0.07276810712676693
0.9,0.1,0.2,0.5,0.87544316,49925,0.06258812638718564
0.4,0.3,0.8,0.9,0.87544584,49925,0.08113603475118007
0.4,0.8,0.9,0.3,0.8754746,49925,0.08058174662453313
0.5,0.4,0.7,0.6,0.8755242,49925,0.07945352414546188
0.7,0.3,0.3,0.2,0.8755538,49925,0.06850979567363176
0.8,0.9,0.8,0.2,0.87558585,49925,0.07534254735144416
0.6,0.4,0.8,0.8,0.875617,49925,0.07922286729513907
0.3,0.2,0.4,0.4,0.875617,49925,0.07922286729513907
0.5,0.6,0.6,0.2,0.8758862,49925,0.07706156709373495
0.9,0.8,0.7,0.2,0.87600917,49925,0.07344348815042112
0.2,0.3,0.7,0.6,0.87604237,49925,0.08328672815678351
0.1,0.8,0.9,0.2,0.87615085,49925,0.08322892793811981
0.4,0.8,0.7,0.1,0.8761698,49925,0.07830712056087834
0.5,0.2,0.4,0.5,0.8764923,49925,0.0755320611656477
0.9,0.9,0.7,0.1,0.87650347,49925,0.07280061628477008
0.8,0.4,0.8,0.9,0.87660044,49925,0.07728395272559777
0.1,0.4,0.8,0.5,0.8766496,49925,0.0847342772284615
0.2,0.4,0.5,0.2,0.87692565,49925,0.0813365645882093
0.2,0.4,0.9,0.7,0.8769456,49925,0.08389908324410522
0.3,0.5,0.9,0.6,0.8770411,49925,0.08282888832719494
0.1,0.7,0.7,0.1,0.8771417,49925,0.08239440148475202
0.7,0.7,0.9,0.5,0.87722474,49925,0.0783955596497562
0.4,0.4,0.6,0.4,0.87724125,49925,0.07966771964709446
0.6,0.6,0.9,0.6,0.87724125,49925,0.07966771964709446
0.2,0.2,0.3,0.2,0.87724125,49925,0.07966771964709446
0.8,0.6,0.7,0.4,0.87732637,49925,0.07548467687981214
0.9,0.7,0.7,0.3,0.8773566,49925,0.07402689579875153
0.7,0.6,0.8,0.5,0.8774887,49925,0.07776965530710031
0.4,0.9,0.9,0.2,0.8775233,49925,0.08002059509177391
0.8,0.5,0.6,0.4,0.87761927,49925,0.07437737654343275
0.7,0.5,0.7,0.5,0.87779164,49925,0.07696791961261461
0.9,0.4,0.6,0.6,0.87801635,49925,0.07381871814283722
0.7,0.3,0.7,0.9,0.8780979,49925,0.07720149503043633
0.6,0.5,0.5,0.2,0.87815267,49925,0.07455324374506099
0.8,0.9,0.9,0.3,0.87826806,49925,0.07665337281239591
0.5,0.5,0.6,0.3,0.8782697,49925,0.07778736403998293
0.5,0.7,0.6,0.1,0.87827015,49925,0.07624563275240866
0.8,0.7,0.8,0.4,0.8783412,49925,0.07642082240871238
0.5,0.4,0.5,0.3,0.8783519,49925,0.07668294965239392
0.1,0.1,0.4,0.5,0.8785583,49925,0.08266819189884402
0.8,0.5,0.8,0.7,0.87861705,49925,0.07718848623827113
0.6,0.6,0.5,0.1,0.87876236,49925,0.0736900012175943
0.8,0.3,0.4,0.4,0.8788364,49925,0.07092037430889775
0.2,0.5,0.5,0.1,0.8789551,49925,0.0803625558473036
0.9,0.5,0.9,0.9,0.879019,49925,0.07730700364521476
0.5,0.6,0.7,0.3,0.87918234,49925,0.0785932191407928
0.3,0.2,0.7,0.9,0.8791938,49925,0.08131161394468521
0.5,0.7,0.7,0.2,0.87929314,49925,0.07794231065345125
0.4,0.6,0.9,0.5,0.8793534,49925,0.0815392882735479
0.5,0.5,0.9,0.7,0.879488,49925,0.08085883525185272
0.5,0.3,0.4,0.3,0.87948877,49925,0.075164890300556
0.8,0.8,0.9,0.4,0.8795395,49925,0.07714661826295519
0.9,0.3,0.6,0.8,0.87957555,49925,0.07395760221719906
0.2,0.1,0.3,0.4,0.8796332,49925,0.07945607536186579
0.4,0.2,0.6,0.8,0.8796332,49925,0.07945607536186579
0.6,0.3,0.5,0.5,0.8796345,49925,0.07583598565473189
0.2,0.5,0.6,0.2,0.87972015,49925,0.08174260342513712
0.4,0.9,0.8,0.1,0.87991834,49925,0.07895130634605677
0.8,0.5,0.4,0.1,0.87997055,49925,0.0690767951472681
0.2,0.3,0.9,0.9,0.8802588,49925,0.08361930981779356
0.9,0.2,0.2,0.2,0.8804021,49925,0.061157750278919225
0.1,0.3,0.9,0.8,0.88047636,49925,0.08461068109186147
0.7,0.5,0.9,0.8,0.8804794,49925,0.07899234188084552
0.1,0.8,0.8,0.1,0.88056576,49925,0.08251366339775275
0.8,0.1,0.3,0.7,0.88056606,49925,0.06822883087749322
0.9,0.8,0.8,0.3,0.8805728,49925,0.0750499931464156
0.9,0.9,0.8,0.2,0.88058996,49925,0.07450081441674765
0.6,0.5,0.8,0.6,0.8807184,49925,0.07911158414897497
0.8,0.2,0.3,0.4,0.88072515,49925,0.06809601816097118
0.9,0.6,0.9,0.7,0.88076305,49925,0.07711502988402247
0.2,0.4,0.6,0.3,0.88100445,49925,0.08245873941357372
0.5,0.7,0.8,0.3,0.881027,49925,0.0791903017115361
0.3,0.3,0.6,0.5,0.8813683,49925,0.08140221563645443
0.2,0.5,0.7,0.3,0.88140124,49925,0.0826916143730109
0.9,0.4,0.5,0.4,0.88153434,49925,0.07172323868589497
0.5,0.8,0.8,0.2,0.8817331,49925,0.07861734294692994
0.2,0.6,0.7,0.2,0.88179505,49925,0.08203024387271121
0.4,0.5,0.8,0.5,0.8818815,49925,0.08120358506326221
0.3,0.3,0.8,0.8,0.8818897,49925,0.08236089817996407
0.3,0.4,0.8,0.6,0.88191193,49925,0.08253276423263277
0.6,0.1,0.3,0.6,0.88205624,49925,0.07107401021694318
0.8,0.3,0.3,0.2,0.8824544,49925,0.06699688554650432
0.2,0.6,0.6,0.1,0.88246506,49925,0.08089775686558423
0.2,0.6,0.8,0.3,0.8824772,49925,0.08282698395769258
0.7,0.3,0.6,0.7,0.88249266,49925,0.07612395041553303
0.2,0.6,0.9,0.4,0.8826892,49925,0.08339133534357421
0.1,0.4,0.9,0.6,0.88272446,49925,0.08487798088273288
0.2,0.7,0.9,0.3,0.8827955,49925,0.08290666776913995
0.1,0.2,0.8,0.9,0.8828236,49925,0.08386881824673878
0.3,0.3,0.3,0.1,0.8829172,49925,0.07586652701031003
0.9,0.9,0.9,0.3,0.8829172,49925,0.07586652701031003
0.6,0.6,0.6,0.2,0.8829172,49925,0.07586652701031003
0.4,0.3,0.7,0.7,0.8829897,49925,0.08072107144517426
0.9,0.3,0.5,0.6,0.88304055,49925,0.07221180453819605
0.8,0.4,0.7,0.7,0.88307434,49925,0.07626844495276683
0.5,0.3,0.6,0.6,0.8833952,49925,0.07860890654192675
0.4,0.4,0.9,0.8,0.8834111,49925,0.08189230518696215
0.1,0.9,0.9,0.1,0.8834254,49925,0.08258763082976356
0.5,0.8,0.7,0.1,0.88344854,49925,0.07722789198206409
0.7,0.4,0.4,0.2,0.88363886,49925,0.07129432230625411
0.5,0.8,0.9,0.3,0.8836767,49925,0.07969440298561237
0.7,0.4,0.6,0.5,0.88375807,49925,0.07593000128599983
0.2,0.5,0.8,0.4,0.8838496,49925,0.08332874400172142
0.4,0.1,0.2,0.3,0.8840938,49925,0.0712763160389482
0.8,0.2,0.4,0.6,0.8840938,49925,0.0712763160389482
0.8,0.7,0.9,0.5,0.8841074,49925,0.0775548057616894
0.9,0.7,0.8,0.4,0.8842181,49925,0.0755324299779628
0.2,0.7,0.8,0.2,0.8842362,49925,0.0822352521731488
0.4,0.3,0.5,0.4,0.8842428,49925,0.07877101621555077
0.5,0.7,0.9,0.4,0.88427365,49925,0.08015377796724896
0.4,0.1,0.3,0.5,0.88427377,49925,0.0746974801354583
0.2,0.3,0.5,0.3,0.88436437,49925,0.08213845983670313
0.9,0.5,0.6,0.4,0.8844099,49925,0.07331200661734527
0.1,0.3,0.7,0.5,0.88443035,49925,0.08462556045968804
0.7,0.6,0.5,0.1,0.8844425,49925,0.07240656907483375
0.6,0.2,0.6,0.9,0.8845727,49925,0.07692067679529528
0.9,0.6,0.7,0.4,0.8847705,49925,0.07454883815394062
0.4,0.1,0.4,0.7,0.88479054,49925,0.07643742834277496
0.7,0.6,0.9,0.6,0.884866,49925,0.07876960374817467
0.8,0.2,0.5,0.8,0.8848799,49925,0.07331487604430834
0.5,0.9,0.9,0.2,0.8848918,49925,0.07911579097696757
0.6,0.7,0.6,0.1,0.8849608,49925,0.07509607211625888
0.8,0.6,0.8,0.5,0.88517654,49925,0.07684397008355429
0.5,0.4,0.8,0.7,0.88521713,49925,0.08031307867873254
0.5,0.6,0.8,0.4,0.8853214,49925,0.07971315523150908
0.4,0.2,0.5,0.6,0.88546836,49925,0.0787160734560494
0.1,0.2,0.5,0.4,0.88550067,49925,0.084126358024318
0.9,0.5,0.8,0.7,0.8856157,49925,0.07630060637469746
0.2,0.2,0.7,0.8,0.88565886,49925,0.08276333280279971
0.5,0.5,0.7,0.4,0.8857167,49925,0.07914199650253836
0.9,0.5,0.4,0.1,0.8857462,49925,0.0678387183519202
0.5,0.2,0.3,0.3,0.8857866,49925,0.07283953521697137
0.2,0.8,0.9,0.2,0.88582593,49925,0.08236203778375355
0.6,0.7,0.7,0.2,0.8858726,49925,0.07686446808019295
0.6,0.4,0.9,0.9,0.885945,49925,0.0799568428896877
0.9,0.8,0.9,0.4,0.88601583,49925,0.07633808188701832
0.3,0.2,0.6,0.7,0.88602096,49925,0.08107823047255382
0.5,0.9,0.8,0.1,0.8861759,49925,0.0779556662037984
0.7,0.1,0.2,0.4,0.8862237,49925,0.06541367743095533
0.9,0.4,0.8,0.9,0.8862429,49925,0.07643360337914418
0.2,0.7,0.7,0.1,0.88625216,49925,0.08126955412922816
0.7,0.4,0.8,0.8,0.8863813,49925,0.07829615153972193
0.6,0.4,0.7,0.6,0.8863987,49925,0.07838896132460482
0.7,0.5,0.5,0.2,0.8864608,49925,0.07324588917745666
0.6,0.5,0.6,0.3,0.8864848,49925,0.07654571409968093
0.2,0.4,0.7,0.4,0.88656044,49925,0.08320408318663823
0.9,0.3,0.4,0.4,0.88670224,49925,0.06964788305034715
0.4,0.4,0.7,0.5,0.8870192,49925,0.08073228709988405
0.4,0.1,0.5,0.9,0.88729006,49925,0.07744434707110723
0.2,0.5,0.9,0.5,0.8875263,49925,0.08378363665400551
0.2,0.8,0.8,0.1,0.88754946,49925,0.0815453956290621
0.8,0.5,0.7,0.5,0.8876049,49925,0.07595126722146373
0.2,0.3,0.8,0.7,0.8876064,49925,0.08362343187555302
0.5,0.1,0.1,0.1,0.88762456,49925,0.0597739142943365
0.6,0.6,0.7,0.3,0.8876789,49925,0.07745501365936083
0.6,0.8,0.7,0.1,0.88795054,49925,0.07615083757090098
0.6,0.7,0.8,0.3,0.8879724,49925,0.07819406408015331
0.8,0.5,0.9,0.8,0.8880086,49925,0.07816776285872593
0.6,0.3,0.7,0.8,0.88803566,49925,0.07835642076453869
0.8,0.1,0.4,0.9,0.88803685,49925,0.07080571354706032
0.6,0.2,0.5,0.7,0.88811404,49925,0.07578743058075664
0.4,0.5,0.9,0.6,0.88816226,49925,0.08185984493046061
0.1,0.2,0.7,0.7,0.88846904,49925,0.08414073845350628
0.5,0.3,0.8,0.9,0.888653,49925,0.08018179994793317
0.8,0.6,0.5,0.1,0.88876337,49925,0.07122887640116177
0.6,0.1,0.4,0.8,0.8888491,49925,0.07332816393955523
0.7,0.6,0.6,0.2,0.8889717,49925,0.07472247469060932
0.2,0.9,0.9,0.1,0.88906485,49925,0.08172846379653227
0.8,0.3,0.7,0.9,0.88918304,49925,0.07625551854446916
0.6,0.4,0.5,0.3,0.8892554,49925,0.07526876020616181
0.6,0.9,0.9,0.2,0.8892787,49925,0.07825961758532714
0.6,0.5,0.9,0.7,0.88936627,49925,0.07994028350669945
0.3,0.4,0.4,0.1,0.88936937,49925,0.07762925988955183
0.6,0.8,0.8,0.2,0.88936937,49925,0.07762925988955183
0.5,0.4,0.6,0.4,0.8894836,49925,0.07833166969802875
0.5,0.6,0.9,0.5,0.8895303,49925,0.0805973863770722
0.9,0.7,0.9,0.5,0.8896533,49925,0.07673306812771168
0.7,0.3,0.5,0.5,0.88995105,49925,0.07453442380404436
0.6,0.8,0.9,0.3,0.89004636,49925,0.07877361939150371
0.8,0.4,0.4,0.2,0.8901489,49925,0.06990298318164112
0.4,0.2,0.2,0.1,0.8901489,49925,0.06990298318164112
0.7,0.7,0.6,0.1,0.8901947,49925,0.07397829495532153
0.7,0.5,0.8,0.6,0.8904562,49925,0.07815273998188169
0.9,0.2,0.3,0.4,0.8908653,49925,0.0667203876813246
0.6,0.3,0.4,0.3,0.8910826,49925,0.07354511185304927
0.6,0.9,0.8,0.1,0.89112914,49925,0.07699356978704433
0.3,0.4,0.9,0.7,0.8913312,49925,0.08299016351250356
0.3,0.5,0.5,0.1,0.8917649,49925,0.07874066604094808
0.9,0.4,0.7,0.7,0.89180887,49925,0.07532192272472966
0.3,0.4,0.5,0.2,0.89191306,49925,0.07967993789691623
0.3,0.5,0.6,0.2,0.89195836,49925,0.08033781257873225
0.9,0.3,0.3,0.2,0.8922006,49925,0.06559517784248024
0.9,0.6,0.8,0.5,0.892203,49925,0.07593537578501497
0.7,0.7,0.7,0.2,0.8922632,49925,0.0758232891757685
0.9,0.6,0.5,0.1,0.8923346,49925,0.07009915997126501
0.6,0.7,0.9,0.4,0.8923634,49925,0.07924502542559624
0.6,0.6,0.8,0.4,0.8924173,49925,0.07868980627837283
0.3,0.3,0.4,0.2,0.8924173,49925,0.07868980627837283
0.6,0.2,0.4,0.5,0.8925374,49925,0.0739901756098879
0.2,0.4,0.8,0.5,0.89256465,49925,0.0836787197266316
0.8,0.6,0.9,0.6,0.8928947,49925,0.07790965284784335
0.7,0.8,0.7,0.1,0.89290136,49925,0.07513698956504616
0.5,0.5,0.8,0.5,0.8929186,49925,0.08015920375242772
0.8,0.3,0.6,0.7,0.8929858,49925,0.07504687900596536
0.3,0.6,0.8,0.3,0.89305204,49925,0.08173315189041878
0.8,0.4,0.6,0.5,0.8930638,49925,0.07482478959873455
0.3,0.6,0.7,0.2,0.8932043,49925,0.08080794754592985
0.3,0.7,0.9,0.3,0.8932086,49925,0.0819599074116366
0.3,0.3,0.7,0.6,0.8933389,49925,0.08210726461295403
0.3,0.5,0.7,0.3,0.89340305,49925,0.08144187118997889
0.8,0.5,0.5,0.2,0.8934114,49925,0.07201356630987736
0.3,0.6,0.6,0.1,0.8937817,49925,0.07951386939163332
0.2,0.3,0.6,0.4,0.8940323,49925,0.08294656289174461
0.9,0.1,0.3,0.7,0.89407337,49925,0.06703520778826219
0.3,0.6,0.9,0.4,0.89409304,49925,0.08244996474241727
0.3,0.7,0.8,0.2,0.8941939,49925,0.08117366128680767
0.3,0.3,0.9,0.9,0.89429784,49925,0.08274925165226031
0.1,0.1,0.3,0.3,0.89429784,49925,0.0827492516522603
0.2,0.2,0.6,0.6,0.89429784,49925,0.0827492516522603
0.3,0.8,0.9,0.2,0.89436966,49925,0.08143293183910189
0.3,0.8,0.8,0.1,0.8947302,49925,0.0805273895676911
0.8,0.7,0.6,0.1,0.89474297,49925,0.07287029836201546
0.3,0.1,0.5,0.8,0.89478034,49925,0.07921022648563837
0.9,0.2,0.5,0.8,0.89482105,49925,0.07226886870503439
0.9,0.2,0.4,0.6,0.8948895,49925,0.07006275266727596
0.7,0.8,0.8,0.2,0.8949189,49925,0.07668244205354532
0.3,0.7,0.7,0.1,0.89492905,49925,0.08010239043735962
0.6,0.5,0.7,0.4,0.8949596,49925,0.07799289943030785
0.1,0.3,0.8,0.6,0.89499974,49925,0.08475594498110495
0.5,0.2,0.6,0.8,0.8950324,49925,0.07829930219263573
0.7,0.8,0.9,0.3,0.8954708,49925,0.07789308874333478
0.7,0.9,0.8,0.1,0.8955029,49925,0.07607818187211221
0.3,0.9,0.9,0.1,0.89556074,49925,0.08084626981490987
0.5,0.4,0.9,0.8,0.8957466,49925,0.08100143497557104
0.9,0.5,0.7,0.5,0.8958231,49925,0.0749773666249454
0.2,0.2,0.4,0.3,0.89586115,49925,0.08148169825157435
0.4,0.4,0.8,0.6,0.89586115,49925,0.08148169825157435
0.4,0.2,0.7,0.9,0.8960496,49925,0.08027603612629361
0.7,0.5,0.6,0.3,0.89606273,49925,0.07534481061314492
0.2,0.1,0.2,0.2,0.89610636,49925,0.07738011690363052
0.8,0.4,0.8,0.8,0.89610636,49925,0.07738011690363052
0.4,0.2,0.4,0.4,0.89610636,49925,0.07738011690363052
0.6,0.3,0.6,0.6,0.89610636,49925,0.07738011690363052
0.7,0.9,0.9,0.2,0.89610994,49925,0.07738248491168313
0.3,0.4,0.6,0.3,0.89614016,49925,0.08102570721126423
0.7,0.7,0.8,0.3,0.8961899,49925,0.07721896558279959
0.7,0.6,0.7,0.3,0.8961996,49925,0.07640103606248783
0.7,0.4,0.7,0.6,0.8962145,49925,0.07732677204300696
0.9,0.5,0.9,0.8,0.89639187,49925,0.07734340520903185
0.4,0.3,0.3,0.1,0.8964082,49925,0.07358617859686767
0.8,0.6,0.6,0.2,0.8964082,49925,0.07358617859686767
0.7,0.4,0.9,0.9,0.8964986,49925,0.07910283462531192
0.9,0.4,0.4,0.2,0.89665496,49925,0.06862116881869472
0.3,0.5,0.8,0.4,0.8967067,49925,0.08223699925547015
0.5,0.3,0.7,0.7,0.8968188,49925,0.07961467037030881
0.6,0.4,0.8,0.7,0.89695567,49925,0.07932507823900768
0.7,0.2,0.6,0.9,0.8970164,49925,0.0758867237373184
0.4,0.3,0.6,0.5,0.8971005,49925,0.08002169588601694
0.3,0.2,0.5,0.5,0.8972078,49925,0.08054205293514423
0.4,0.3,0.8,0.8,0.8976321,49925,0.08137336140030577
0.9,0.7,0.6,0.1,0.8976834,49925,0.07181889807138646
0.5,0.3,0.5,0.4,0.8977013,49925,0.07726085333041827
0.8,0.5,0.8,0.6,0.89776164,49925,0.07720021764837749
0.8,0.7,0.7,0.2,0.897793,49925,0.0748041944163671
0.6,0.2,0.3,0.3,0.8983319,49925,0.07099082449106196
0.1,0.5,0.9,0.4,0.8985108,49925,0.08460892320939468
0.1,0.6,0.9,0.3,0.8986506,49925,0.08415364523293825
0.9,0.5,0.5,0.2,0.89865524,49925,0.07084962000682533
0.2,0.1,0.6,0.9,0.8986563,49925,0.08118441876935788
0.7,0.4,0.5,0.3,0.8987924,49925,0.0739450743346148
0.8,0.8,0.7,0.1,0.89898884,49925,0.07416151641154188
0.7,0.1,0.3,0.6,0.89904886,49925,0.06965338164011052
0.6,0.6,0.9,0.5,0.899116,49925,0.07966361031603426
0.7,0.5,0.9,0.7,0.8991346,49925,0.07905552293028402
0.6,0.4,0.6,0.4,0.8993228,49925,0.07707501168781365
0.9,0.6,0.9,0.6,0.8993228,49925,0.07707501168781364
0.3,0.2,0.3,0.2,0.8993228,49925,0.07707501168781365
0.2,0.3,0.9,0.8,0.89932454,49925,0.08384591504613331
0.5,0.5,0.9,0.6,0.8994131,49925,0.08091997965057557
0.3,0.5,0.9,0.5,0.89943576,49925,0.08284213951804757
0.7,0.3,0.7,0.8,0.8996544,49925,0.0773568545045422
0.8,0.9,0.8,0.1,0.89967644,49925,0.07517973001668617
0.9,0.3,0.7,0.9,0.89972377,49925,0.07534912721482898
0.8,0.1,0.2,0.4,0.8998042,49925,0.06381771553105406
0.7,0.7,0.9,0.4,0.89985234,49925,0.07835944174678156
0.4,0.4,0.4,0.1,0.90026826,49925,0.07576174680707891
0.8,0.8,0.8,0.2,0.90026826,49925,0.07576174680707891
0.8,0.3,0.5,0.5,0.9003843,49925,0.07331424848896269
0.1,0.1,0.6,0.8,0.90042263,49925,0.08275813518856494
0.5,0.4,0.7,0.5,0.90042603,49925,0.07956921623899312
0.1,0.7,0.9,0.2,0.90058964,49925,0.08360310764314861
0.9,0.1,0.4,0.9,0.90069497,49925,0.06978099077089814
0.2,0.4,0.9,0.6,0.90071166,49925,0.08402121246394696
0.7,0.3,0.4,0.3,0.9007601,49925,0.07200818305980063
0.6,0.3,0.8,0.9,0.90076935,49925,0.0792237862102191
0.8,0.9,0.9,0.2,0.90101564,49925,0.07654273472925041
0.1,0.5,0.8,0.3,0.90104055,49925,0.08423685689760836
0.9,0.4,0.6,0.5,0.9010575,49925,0.07374149942294529
0.3,0.1,0.4,0.6,0.90109146,49925,0.07851676129478712
0.3,0.4,0.7,0.4,0.90110314,49925,0.0819665435302477
0.4,0.7,0.9,0.3,0.901158,49925,0.08100172611874107
0.9,0.6,0.6,0.2,0.9012346,49925,0.07251621018830288
0.4,0.8,0.9,0.2,0.90138465,49925,0.08049677579029185
0.4,0.5,0.5,0.1,0.90139115,49925,0.07719882998426389
0.1,0.2,0.6,0.5,0.90151274,49925,0.08432474615716191
0.8,0.8,0.9,0.3,0.90158993,49925,0.07702147114694463
0.7,0.6,0.8,0.4,0.9016177,49925,0.0777044713628565
0.2,0.2,0.8,0.9,0.9016962,49925,0.08303729952611254
0.4,0.6,0.8,0.3,0.9018949,49925,0.08066570085450403
0.7,0.2,0.5,0.7,0.901992,49925,0.07458833108294077
0.4,0.6,0.6,0.1,0.90199417,49925,0.078194824476451
0.7,0.1,0.4,0.8,0.902098,49925,0.07213288403479982
0.5,0.2,0.5,0.6,0.90212584,49925,0.07731202990622389
0.6,0.5,0.8,0.5,0.90213335,49925,0.07910407486945026
0.4,0.5,0.6,0.2,0.90230054,49925,0.07895834813312137
0.4,0.7,0.8,0.2,0.9023567,49925,0.08010066911690795
0.8,0.6,0.7,0.3,0.902484,49925,0.07536505009566025
0.1,0.6,0.8,0.2,0.9025508,49925,0.08361429342657876
0.4,0.8,0.8,0.1,0.9026227,49925,0.07949071864550554
0.4,0.9,0.9,0.1,0.9026269,49925,0.07993976075566707
0.4,0.6,0.7,0.2,0.90288556,49925,0.07961343039601114
0.4,0.7,0.7,0.1,0.9028871,49925,0.07890381439135122
0.5,0.2,0.2,0.1,0.9029325,49925,0.06742119092449629
0.9,0.8,0.7,0.1,0.90298057,49925,0.07320563992985217
0.9,0.7,0.7,0.2,0.90304995,49925,0.07385051434645214
0.5,0.1,0.5,0.9,0.9030608,49925,0.07628697077541961
0.1,0.3,0.9,0.7,0.903251,49925,0.08478562612874652
0.3,0.3,0.5,0.3,0.903434,49925,0.08043206757659108
0.4,0.6,0.9,0.4,0.9034921,49925,0.08145287263281169
0.9,0.3,0.6,0.7,0.9035075,49925,0.07399886553226562
0.1,0.4,0.7,0.3,0.9035791,49925,0.08429411032169619
0.8,0.7,0.8,0.3,0.9036034,49925,0.0762765586238056
0.6,0.1,0.1,0.1,0.90372145,49925,0.05731280483882398
0.1,0.5,0.7,0.2,0.9038433,49925,0.08366146463652403
0.8,0.5,0.6,0.3,0.9039144,49925,0.07419267352814947
0.7,0.5,0.7,0.4,0.9039465,49925,0.07690298387425668
0.1,0.4,0.8,0.4,0.9040512,49925,0.08465360510502243
0.9,0.9,0.8,0.1,0.9042306,49925,0.07430423171332978
0.1,0.2,0.8,0.8,0.9045854,49925,0.08417840863468704
0.9,0.8,0.8,0.2,0.90459055,49925,0.07488781718214886
0.2,0.1,0.5,0.7,0.90461785,49925,0.08113782207063723
0.1,0.8,0.9,0.1,0.9046184,49925,0.082998873105465
0.3,0.3,0.8,0.7,0.9047331,49925,0.08258649008557749
0.7,0.2,0.4,0.5,0.90478325,49925,0.07255113174947386
0.2,0.3,0.7,0.5,0.9047836,49925,0.0834641006368575
0.9,0.4,0.8,0.8,0.9047978,49925,0.07650664333286047
0.4,0.5,0.7,0.3,0.9048487,49925,0.08022855554710732
0.8,0.4,0.7,0.6,0.9049609,49925,0.07629167334520436
0.4,0.4,0.5,0.2,0.90504795,49925,0.07804500548598382
0.5,0.1,0.2,0.3,0.9050508,49925,0.06893471770988498
0.1,0.7,0.8,0.1,0.90509117,49925,0.08298814633284281
0.5,0.1,0.4,0.7,0.9051141,49925,0.07501133239753588
0.4,0.4,0.9,0.7,0.9051206,49925,0.08204292600208205
0.3,0.2,0.7,0.8,0.9051886,49925,0.08169162072581644
0.5,0.1,0.3,0.5,0.90539104,49925,0.07289686293278101
0.4,0.2,0.6,0.7,0.9054612,49925,0.07983947425276244
0.5,0.3,0.3,0.1,0.9054986,49925,0.07150673619710524
0.9,0.9,0.9,0.2,0.9056887,49925,0.07572918499616642
0.1,0.4,0.6,0.2,0.90577054,49925,0.08369998585323901
0.1,0.6,0.7,0.1,0.9057989,49925,0.08295875664084676
0.9,0.5,0.8,0.6,0.9059473,49925,0.07628767334161857
0.8,0.7,0.9,0.4,0.90624315,49925,0.0774715134623601
0.7,0.6,0.9,0.5,0.90625226,49925,0.07874951445200389
0.8,0.4,0.5,0.3,0.9064632,49925,0.07266019878505815
0.6,0.4,0.9,0.8,0.90661114,49925,0.08008714404954853
0.8,0.5,0.9,0.7,0.90704674,49925,0.07820392620630184
0.8,0.4,0.9,0.9,0.9073505,49925,0.078262722056487
0.7,0.3,0.6,0.6,0.9073865,49925,0.07621389043108232
0.5,0.8,0.9,0.2,0.9074512,49925,0.07953788740337024
0.1,0.5,0.6,0.1,0.90753883,49925,0.08289740500553679
0.4,0.3,0.9,0.9,0.90758055,49925,0.08186251915589304
0.7,0.4,0.8,0.7,0.9076195,49925,0.07838279365347058
0.1,0.4,0.9,0.5,0.907725,49925,0.08485628614671877
0.4,0.5,0.8,0.4,0.90773576,49925,0.0811495902769572
0.5,0.4,0.8,0.6,0.9078535,49925,0.08043458883097283
0.3,0.4,0.8,0.5,0.90800714,49925,0.08261864910784764
0.8,0.6,0.8,0.4,0.90804976,49925,0.07675952551578417
0.4,0.3,0.4,0.2,0.90804976,49925,0.07675952551578417
0.8,0.2,0.6,0.9,0.90834665,49925,0.07488189319996205
0.9,0.8,0.9,0.3,0.908589,49925,0.07620665928018382
0.9,0.7,0.8,0.3,0.90871954,49925,0.07536579996885613
0.5,0.6,0.6,0.1,0.9088575,49925,0.07689457457648284
0.1,0.4,0.5,0.1,0.9090072,49925,0.0827907005852205
0.5,0.9,0.9,0.1,0.9091079,49925,0.07902171875602254
0.6,0.5,0.9,0.6,0.9091338,49925,0.079992519386276
0.2,0.2,0.7,0.7,0.90925944,49925,0.08312703994564767
0.5,0.8,0.8,0.1,0.909261,49925,0.07845831967484658
0.6,0.3,0.5,0.4,0.90928996,49925,0.07581752180558463
0.1,0.3,0.5,0.2,0.9094039,49925,0.08370678691117399
0.5,0.7,0.8,0.2,0.9094669,49925,0.07906113208893034
0.5,0.6,0.7,0.2,0.909552,49925,0.07843013752366942
0.5,0.7,0.9,0.3,0.9095743,49925,0.08005247186980509
0.5,0.4,0.4,0.1,0.90961874,49925,0.07402566997426266
0.9,0.3,0.5,0.5,0.90964353,49925,0.07215917128752491
0.5,0.7,0.7,0.1,0.9097227,49925,0.0777845842887432
0.8,0.3,0.7,0.8,0.90974313,49925,0.07637396100974972
0.9,0.6,0.7,0.3,0.9097682,49925,0.074382522868398
0.7,0.2,0.3,0.3,0.90989023,49925,0.06928144983206388
0.8,0.3,0.4,0.3,0.9099152,49925,0.07061945013564495
0.6,0.2,0.6,0.8,0.9099421,49925,0.07716081745660244
0.3,0.1,0.3,0.4,0.9099421,49925,0.07716081745660244
0.7,0.4,0.6,0.4,0.90999776,49925,0.07585191458107719
0.4,0.3,0.7,0.6,0.9103,49925,0.08092439512802398
0.9,0.5,0.6,0.3,0.91037947,49925,0.07309194058867378
0.4,0.4,0.6,0.3,0.9104091,49925,0.0796140718302508
0.1,0.3,0.6,0.3,0.9105154,49925,0.08435053528217283
0.5,0.5,0.5,0.1,0.91051567,49925,0.07569807073858009
0.2,0.7,0.9,0.2,0.9105384,49925,0.08269145482673469
0.5,0.3,0.8,0.8,0.91054845,49925,0.08037296205503737
0.1,0.1,0.5,0.6,0.91056734,49925,0.08308599924472175
0.6,0.3,0.7,0.7,0.91091263,49925,0.07852329362763576
0.5,0.3,0.6,0.5,0.9109687,49925,0.07872613152528339
0.7,0.5,0.8,0.5,0.9109896,49925,0.07809592607207964
0.2,0.8,0.9,0.1,0.91120875,49925,0.08214885722457659
0.9,0.7,0.9,0.4,0.91162795,49925,0.07662611647479513
0.2,0.6,0.9,0.3,0.91172343,49925,0.0832440243033979
0.6,0.4,0.7,0.5,0.9117682,49925,0.07839704106544751
0.5,0.6,0.8,0.3,0.91181374,49925,0.07960888243194393
0.4,0.5,0.9,0.5,0.9118296,49925,0.08186078342149491
0.8,0.5,0.7,0.4,0.912078,49925,0.07584786140545949
0.7,0.3,0.8,0.9,0.91207856,49925,0.07830539848516073
0.5,0.5,0.6,0.2,0.9126096,49925,0.07763293065113999
0.9,0.1,0.2,0.4,0.9126663,49925,0.062359459446754896
0.8,0.2,0.5,0.7,0.9127145,49925,0.07342290205020888
0.5,0.6,0.9,0.4,0.9128376,49925,0.08051352905368701
0.5,0.2,0.4,0.4,0.91288394,49925,0.07564858788211345
0.8,0.1,0.3,0.6,0.9129803,49925,0.06829140931459618
0.2,0.1,0.4,0.5,0.91311944,49925,0.08086937251793237
0.5,0.2,0.7,0.9,0.91314656,49925,0.07923563484805903
0.9,0.4,0.7,0.6,0.9132187,49925,0.07530229769321224
0.1,0.3,0.4,0.1,0.9132391,49925,0.08261238328029424
0.2,0.6,0.8,0.2,0.9132391,49925,0.08261238328029424
0.3,0.3,0.6,0.4,0.91328883,49925,0.0815220122889664
0.2,0.7,0.8,0.1,0.91359377,49925,0.08200989435931721
0.9,0.4,0.5,0.3,0.91364306,49925,0.07146007139476715
0.6,0.2,0.2,0.1,0.9137583,49925,0.06523533469105564
0.9,0.5,0.9,0.7,0.9137986,49925,0.0773543645345885
0.2,0.2,0.5,0.4,0.91392994,49925,0.08246114101485913
0.3,0.3,0.9,0.8,0.9139818,49925,0.08294368967063297
0.2,0.5,0.9,0.4,0.91402686,49925,0.0836912466976626
0.6,0.8,0.9,0.2,0.91411525,49925,0.07865431683327571
0.8,0.6,0.9,0.5,0.9141418,49925,0.07785958557378608
0.3,0.4,0.9,0.6,0.9145306,49925,0.08306418320276672
0.3,0.2,0.6,0.6,0.91455257,49925,0.08142990872526978
0.6,0.7,0.7,0.1,0.9145607,49925,0.07668186867817829
0.6,0.8,0.8,0.1,0.91462,49925,0.07748366019225916
0.2,0.5,0.8,0.3,0.91463506,49925,0.08319611251468313
0.6,0.3,0.3,0.1,0.9146708,49925,0.06961635973947176
0.9,0.6,0.8,0.4,0.9147202,49925,0.07583570645218805
0.6,0.9,0.9,0.1,0.91528046,49925,0.07811454833163106
0.6,0.7,0.8,0.2,0.9153245,49925,0.07805328114360222
0.2,0.3,0.8,0.6,0.91542923,49925,0.08377827629992288
0.1,0.2,0.7,0.6,0.91547424,49925,0.08441982782405849
0.4,0.1,0.5,0.8,0.91560656,49925,0.07792335328924964
0.5,0.4,0.5,0.2,0.91566217,49925,0.0765044587888598
0.5,0.5,0.7,0.3,0.9157339,49925,0.07901737707688762
0.8,0.4,0.8,0.7,0.9157358,49925,0.07744997409495973
0.9,0.4,0.9,0.9,0.9157626,49925,0.07743050900333151
0.8,0.1,0.4,0.8,0.91590786,49925,0.0709959340377575
0.5,0.4,0.9,0.7,0.9160953,49925,0.08110875615725568
0.1,0.3,0.7,0.4,0.91619366,49925,0.08466177641624245
0.4,0.4,0.7,0.4,0.9163144,49925,0.08071282906210536
0.7,0.1,0.1,0.1,0.9163162,49925,0.05521021070975324
0.6,0.6,0.6,0.1,0.9164203,49925,0.07563441831890963
0.8,0.2,0.4,0.5,0.9164546,49925,0.07120839427629497
0.2,0.6,0.7,0.1,0.9164761,49925,0.08181331510042185
0.7,0.4,0.9,0.8,0.9167986,49925,0.0792027105200883
0.2,0.5,0.7,0.2,0.9170926,49925,0.08248547833781873
0.4,0.2,0.5,0.5,0.9172957,49925,0.07898510573652825
0.6,0.5,0.5,0.1,0.9174541,49925,0.07426617329439181
0.6,0.4,0.4,0.1,0.9177233,49925,0.07237489405575878
0.9,0.2,0.6,0.9,0.9177535,49925,0.07393758446935196
0.6,0.7,0.9,0.3,0.9178248,49925,0.0791192529706266
0.6,0.6,0.7,0.2,0.9179607,49925,0.07731235641813256
0.8,0.3,0.6,0.6,0.91813326,49925,0.07508727015496675
0.6,0.2,0.5,0.6,0.9182,49925,0.07597592153657758
0.9,0.3,0.4,0.3,0.9182444,49925,0.06929251785159302
0.1,0.2,0.9,0.9,0.9186169,49925,0.08416704643042613
0.7,0.9,0.9,0.1,0.91870207,49925,0.0772564364101941
0.5,0.5,0.8,0.4,0.9188303,49925,0.08008929639467541
0.3,0.8,0.9,0.1,0.91898817,49925,0.08125302364858995
0.6,0.1,0.5,0.9,0.9191401,49925,0.07515790378958818
0.3,0.2,0.8,0.9,0.9191745,49925,0.08213792372974527
0.2,0.5,0.6,0.1,0.9191881,49925,0.08154169209167664
0.7,0.8,0.9,0.2,0.9192357,49925,0.07776098460816125
0.7,0.8,0.8,0.1,0.9195906,49925,0.07652203350262024
0.5,0.2,0.6,0.7,0.9195975,49925,0.07858088375933961
0.4,0.3,0.5,0.3,0.9198174,49925,0.07875322271944095
0.7,0.5,0.9,0.6,0.9198506,49925,0.07906941099590761
0.6,0.6,0.8,0.3,0.91987276,49925,0.07855941610355048
0.3,0.7,0.9,0.2,0.9199619,49925,0.08179165449303635
0.6,0.4,0.8,0.6,0.91997826,49925,0.07940669909847851
0.3,0.2,0.4,0.3,0.91997826,49925,0.07940669909847851
0.8,0.2,0.3,0.3,0.9200822,49925,0.06772212152003583
0.3,0.1,0.6,0.9,0.9201388,49925,0.08009694724500346
0.4,0.2,0.3,0.2,0.9201715,49925,0.07469064378057254
0.8,0.4,0.6,0.4,0.9201715,49925,0.07469064378057254
0.2,0.4,0.6,0.2,0.92022127,49925,0.08228159642970573
0.3,0.6,0.9,0.3,0.92022127,49925,0.08228159642970576
0.1,0.2,0.3,0.1,0.92022127,49925,0.08228159642970573
0.7,0.3,0.5,0.4,0.9202899,49925,0.07446195145204114
0.2,0.4,0.7,0.3,0.920308,49925,0.08308269787515724
0.9,0.6,0.9,0.5,0.9204998,49925,0.07698993204073151
0.7,0.4,0.7,0.5,0.9205481,49925,0.07729401046107462
0.6,0.1,0.2,0.3,0.9206516,49925,0.06685260469015757
0.8,0.5,0.8,0.5,0.920702,49925,0.07712956094948391
0.9,0.5,0.7,0.4,0.9208194,49925,0.07482895916142392
0.6,0.1,0.4,0.7,0.92109317,49925,0.07362870666098352
0.9,0.3,0.7,0.8,0.92110705,49925,0.07543240941458779
0.5,0.3,0.9,0.9,0.9211597,49925,0.08099188239620399
0.7,0.7,0.7,0.1,0.9212313,49925,0.0756092520683678
0.4,0.2,0.7,0.8,0.9212729,49925,0.08061591546926755
0.6,0.5,0.6,0.2,0.9213487,49925,0.07633061881666023
0.4,0.4,0.8,0.5,0.92136246,49925,0.0815166302431603
0.5,0.3,0.4,0.2,0.92156184,49925,0.07492522352240572
0.9,0.2,0.5,0.7,0.9216176,49925,0.07230401425547196
0.4,0.3,0.8,0.7,0.9216764,49925,0.08155599677486805
0.5,0.4,0.6,0.3,0.92191595,49925,0.07826835895186511
0.7,0.3,0.7,0.7,0.9219164,49925,0.07744054722845287
0.4,0.1,0.4,0.6,0.9219167,49925,0.0769124713852592
0.7,0.6,0.6,0.1,0.9219235,49925,0.07445629492397461
0.6,0.6,0.9,0.4,0.9220033,49925,0.0795759389062995
0.2,0.4,0.8,0.4,0.9222375,49925,0.08363508993823651
0.1,0.2,0.4,0.2,0.9222375,49925,0.08363508993823651
0.7,0.7,0.8,0.2,0.9222675,49925,0.07706402679634256
0.6,0.3,0.6,0.5,0.9224399,49925,0.07745987219889805
0.3,0.3,0.7,0.5,0.92243993,49925,0.08224373873976312
0.7,0.2,0.2,0.1,0.9225199,49925,0.06327260605715804
0.3,0.7,0.8,0.1,0.92265534,49925,0.08097055429186227
0.1,0.3,0.8,0.5,0.9228387,49925,0.08478883706636146
0.1,0.1,0.7,0.9,0.9228975,49925,0.0829565905647654
0.2,0.3,0.9,0.7,0.9230292,49925,0.08398155589991654
0.7,0.7,0.9,0.3,0.9230433,49925,0.07820697427070124
0.6,0.3,0.8,0.8,0.9232918,49925,0.07940012551205063
0.7,0.2,0.6,0.8,0.923309,49925,0.07608159886707683
0.8,0.3,0.8,0.9,0.9233432,49925,0.07740005836624311
0.5,0.5,0.9,0.5,0.92345285,49925,0.08088391734390622
0.6,0.1,0.3,0.5,0.9237204,49925,0.07123662974993919
0.9,0.4,0.8,0.7,0.92392844,49925,0.07653647271205141
0.7,0.3,0.3,0.1,0.92396146,49925,0.06788577330925609
0.7,0.4,0.4,0.1,0.92398864,49925,0.0708595765127389
0.8,0.9,0.9,0.1,0.9239934,49925,0.07639403051680424
0.3,0.6,0.8,0.2,0.92413217,49925,0.08156943413775963
0.2,0.4,0.5,0.1,0.9242967,49925,0.081138223423433
0.8,0.8,0.8,0.1,0.9244545,49925,0.07557883111785386
0.9,0.1,0.3,0.6,0.9244673,49925,0.06703115667349958
0.5,0.3,0.7,0.6,0.92447793,49925,0.07975410961133451
0.7,0.5,0.5,0.1,0.92450666,49925,0.07295208069053657
0.6,0.4,0.5,0.2,0.9245346,49925,0.07505656754287468
0.6,0.5,0.7,0.3,0.92472315,49925,0.07786833198114386
0.1,0.1,0.4,0.4,0.9249263,49925,0.0833575970746905
0.2,0.2,0.8,0.8,0.9249263,49925,0.0833575970746905
0.8,0.8,0.9,0.2,0.92495275,49925,0.076884284147195
0.7,0.6,0.7,0.2,0.92526585,49925,0.07621022778285746
0.2,0.4,0.9,0.5,0.92545664,49925,0.08399933577712285
0.6,0.2,0.7,0.9,0.9255051,49925,0.07822582977420342
0.3,0.6,0.7,0.1,0.925915,49925,0.08061171217590922
0.8,0.4,0.9,0.8,0.9259651,49925,0.0783466741744554
0.3,0.5,0.8,0.3,0.92616755,49925,0.08210481310933626
0.3,0.5,0.9,0.4,0.9263896,49925,0.08272383387228224
0.9,0.2,0.4,0.5,0.9264893,49925,0.06994138452072175
0.8,0.7,0.7,0.1,0.9266916,49925,0.07457711449727068
0.3,0.1,0.5,0.7,0.92732245,49925,0.07974565679434949
0.6,0.4,0.9,0.7,0.9274466,49925,0.08016498529563647
0.4,0.8,0.9,0.1,0.927507,49925,0.08033815256392543
0.4,0.4,0.9,0.6,0.9275414,49925,0.0820970329466448
0.8,0.1,0.1,0.1,0.9276493,49925,0.053363615053615844
0.4,0.3,0.6,0.4,0.927684,49925,0.08008664340967529
0.8,0.5,0.9,0.6,0.92785096,49925,0.0781635854755329
0.9,0.9,0.9,0.1,0.9279225,49925,0.07555658794209053
0.2,0.2,0.6,0.5,0.92793614,49925,0.08302764527492534
0.4,0.3,0.9,0.8,0.9279869,49925,0.08203158020444538
0.3,0.5,0.7,0.2,0.9279926,49925,0.08127973936436399
0.9,0.4,0.6,0.4,0.92802787,49925,0.07356495423618616
0.7,0.5,0.6,0.2,0.92803985,49925,0.0751278441171374
0.7,0.6,0.8,0.3,0.9280461,49925,0.07755814783424389
0.3,0.2,0.7,0.7,0.92819357,49925,0.08198521239497582
0.9,0.1,0.4,0.8,0.9282404,49925,0.06991853936163175
0.6,0.5,0.8,0.4,0.9283654,49925,0.07903206846063238
0.4,0.7,0.9,0.2,0.9283766,49925,0.08085489312996695
0.8,0.7,0.8,0.2,0.9285727,49925,0.07610595141160753
0.9,0.2,0.3,0.3,0.92864704,49925,0.06627759733566381
0.9,0.3,0.6,0.6,0.92871237,49925,0.07400996866181922
0.3,0.1,0.2,0.2,0.92871237,49925,0.07400996866181922
0.6,0.2,0.4,0.4,0.92871237,49925,0.07400996866181922
0.1,0.6,0.9,0.2,0.9289792,49925,0.0838197848582144
0.8,0.6,0.6,0.1,0.92899835,49925,0.07330310308519117
0.9,0.5,0.8,0.5,0.92901766,49925,0.07619258028537924
0.8,0.7,0.9,0.3,0.9290971,49925,0.0773275101807886
0.5,0.4,0.7,0.4,0.9291825,49925,0.0795088314906545
0.7,0.4,0.8,0.6,0.9292247,49925,0.0784152538427235
0.2,0.3,0.5,0.2,0.9293474,49925,0.08199369810138181
0.2,0.1,0.6,0.8,0.9293959,49925,0.0817205826413446
0.8,0.3,0.5,0.4,0.92948925,49925,0.07316419211468982
0.8,0.4,0.7,0.5,0.92960364,49925,0.07622979185305168
0.7,0.6,0.9,0.4,0.9296045,49925,0.0786536777512492
0.1,0.5,0.9,0.3,0.92970127,49925,0.08431531491808922
0.8,0.4,0.4,0.1,0.92974615,49925,0.06944222557278577
0.4,0.6,0.9,0.3,0.9300402,49925,0.08134433790355651
0.4,0.7,0.8,0.1,0.9300433,49925,0.07995640670493873
0.8,0.5,0.5,0.1,0.93008566,49925,0.07166438782125542
0.1,0.2,0.8,0.7,0.93033034,49925,0.0844307567402667
0.1,0.2,0.5,0.3,0.930552,49925,0.08425079449516848
0.3,0.5,0.6,0.1,0.9305728,49925,0.08013060439146093
0.7,0.2,0.5,0.6,0.93057483,49925,0.07468774934831254
0.9,0.8,0.8,0.1,0.9305949,49925,0.07467536943932124
0.1,0.3,0.9,0.6,0.9307106,49925,0.08482633463457533
0.9,0.8,0.9,0.2,0.9307347,49925,0.07602798771244806
0.8,0.2,0.2,0.1,0.9309008,49925,0.06153730677311027
0.8,0.3,0.3,0.1,0.931345,49925,0.06630714438742337
0.3,0.3,0.8,0.6,0.9313577,49925,0.0827324962521598
0.2,0.3,0.6,0.3,0.93150306,49925,0.08290638062110096
0.6,0.3,0.4,0.2,0.93176824,49925,0.07322116974719824
0.7,0.5,0.7,0.3,0.9319101,49925,0.07676772171268942
0.1,0.7,0.9,0.1,0.9320789,49925,0.08328032328787968
0.8,0.6,0.7,0.2,0.9321757,49925,0.07515459754796179
0.7,0.1,0.5,0.9,0.93240654,49925,0.07404761848450743
0.8,0.3,0.7,0.7,0.9324525,49925,0.07644761187194819
0.9,0.7,0.7,0.1,0.93269145,49925,0.0735724965931468
0.9,0.3,0.8,0.9,0.9328227,49925,0.07652853464494942
0.4,0.2,0.6,0.6,0.9328908,49925,0.08009030194369922
0.6,0.3,0.9,0.9,0.9328908,49925,0.08009030194369923
0.2,0.1,0.3,0.3,0.9328908,49925,0.08009030194369922
0.7,0.4,0.5,0.2,0.93290585,49925,0.0736805122241593
0.6,0.5,0.9,0.5,0.93303454,49925,0.07992317373756545
0.6,0.4,0.6,0.3,0.9331847,49925,0.07694875327831636
0.5,0.8,0.9,0.1,0.93344975,49925,0.07943197372285049
0.4,0.6,0.8,0.2,0.93347365,49925,0.08051313684158365
0.2,0.3,0.4,0.1,0.93347365,49925,0.08051313684158365
0.8,0.6,0.8,0.3,0.9335674,49925,0.07659189344905269
0.7,0.3,0.6,0.5,0.933645,49925,0.0762266791140556
0.5,0.1,0.5,0.8,0.93367004,49925,0.07668464057508365
0.5,0.4,0.8,0.5,0.93373984,49925,0.0804136150026001
0.9,0.7,0.8,0.2,0.93385553,49925,0.07519746478138066
0.5,0.3,0.5,0.3,0.93405044,49925,0.07715265745632334
0.1,0.1,0.6,0.7,0.93408006,49925,0.0832805927317064
0.5,0.2,0.5,0.5,0.93411875,49925,0.07747881771835394
0.1,0.5,0.8,0.2,0.93417114,49925,0.08386485143594928
0.6,0.2,0.6,0.7,0.93424463,49925,0.07736073073966718
0.7,0.1,0.2,0.3,0.93424904,49925,0.06498156960516957
0.7,0.3,0.8,0.8,0.9343036,49925,0.07843283114819335
0.8,0.2,0.6,0.8,0.9344394,49925,0.07505763258815287
0.4,0.1,0.3,0.4,0.9344394,49925,0.07505763258815287
0.9,0.6,0.6,0.1,0.9344492,49925,0.07224205138140191
0.9,0.5,0.9,0.6,0.9345827,49925,0.07729315555605892
0.5,0.3,0.8,0.7,0.93472534,49925,0.0805339140443587
0.3,0.4,0.7,0.3,0.93476754,49925,0.08185447317206238
0.5,0.2,0.3,0.2,0.9348054,49925,0.0725070882971852
0.9,0.4,0.9,0.8,0.9348446,49925,0.07750693213224692
0.9,0.7,0.9,0.3,0.9349413,49925,0.07646458144375722
0.3,0.4,0.6,0.2,0.93494153,49925,0.08085509130630379
0.3,0.2,0.5,0.4,0.93500185,49925,0.08076694691842833
0.8,0.5,0.6,0.2,0.9351991,49925,0.07399204772477812
0.6,0.3,0.7,0.6,0.93522364,49925,0.07860770273594721
0.9,0.5,0.5,0.1,0.93524593,49925,0.07045558838138619
0.4,0.6,0.7,0.1,0.9354128,49925,0.07942988942407442
0.7,0.1,0.4,0.7,0.93560255,49925,0.07233695008456224
0.5,0.7,0.9,0.2,0.9360505,49925,0.07992835785204556
0.4,0.2,0.8,0.9,0.9361143,49925,0.0811930524658177
0.9,0.4,0.4,0.1,0.936134,49925,0.06811825633886655
0.9,0.3,0.5,0.4,0.9361524,49925,0.07194690635519944
0.1,0.6,0.8,0.1,0.93628204,49925,0.08327301024076966
0.5,0.2,0.7,0.8,0.9364293,49925,0.07954809260246769
0.9,0.6,0.7,0.2,0.93667734,49925,0.07416940827070907
0.4,0.5,0.8,0.3,0.9367325,49925,0.08103115777006793
0.4,0.3,0.7,0.5,0.93688613,49925,0.08100730924484752
0.3,0.4,0.8,0.4,0.9369527,49925,0.0825437088639824
0.7,0.4,0.9,0.7,0.9369898,49925,0.07926660368678282
0.9,0.2,0.2,0.1,0.9372169,49925,0.05996645453511731
0.8,0.4,0.8,0.6,0.93732643,49925,0.0774191566342994
0.4,0.2,0.4,0.3,0.93732643,49925,0.0774191566342994
0.9,0.3,0.3,0.1,0.9373333,49925,0.06484680540258508
0.2,0.3,0.7,0.4,0.937368,49925,0.08348980959579427
0.7,0.2,0.7,0.9,0.93760896,49925,0.07722472627364771
0.3,0.4,0.5,0.1,0.9377306,49925,0.0794318627549958
0.7,0.1,0.3,0.5,0.93779975,49925,0.06964993420048156
0.7,0.5,0.8,0.4,0.9378291,49925,0.07800982777923537
0.1,0.4,0.8,0.3,0.9378673,49925,0.0843493489725223
0.4,0.5,0.9,0.4,0.9378754,49925,0.08175556259891406
0.2,0.2,0.9,0.9,0.9379374,49925,0.08348750987046961
0.5,0.7,0.8,0.1,0.9379704,49925,0.078880613427673
0.1,0.4,0.9,0.4,0.93825525,49925,0.08464616711849814
0.8,0.6,0.9,0.4,0.938263,49925,0.0777447968015927
0.9,0.4,0.7,0.5,0.9383282,49925,0.07520905357826566
0.5,0.6,0.9,0.3,0.93851876,49925,0.0803627922120361
0.9,0.1,0.1,0.1,0.93861055,49925,0.05172663866084622
0.5,0.4,0.9,0.6,0.93879133,49925,0.08111915120829936
0.4,0.5,0.7,0.2,0.93881345,49925,0.08004655720757256
0.2,0.1,0.5,0.6,0.93883777,49925,0.08168087776040568
0.2,0.2,0.7,0.6,0.93888664,49925,0.0833658775018593
0.8,0.5,0.7,0.3,0.9388868,49925,0.07568713193408948
0.4,0.1,0.6,0.9,0.9389804,49925,0.07897110390416237
0.9,0.6,0.8,0.3,0.93901134,49925,0.0756630503810698
0.6,0.4,0.7,0.4,0.9393607,49925,0.0783255631496697
0.3,0.4,0.9,0.5,0.93944085,49925,0.08302713450127086
0.6,0.8,0.9,0.1,0.9395151,49925,0.07847716309054589
0.4,0.5,0.6,0.1,0.93959045,49925,0.07872486685566503
0.3,0.3,0.9,0.7,0.93971246,49925,0.08306645238405257
0.1,0.2,0.6,0.4,0.93982536,49925,0.08445621108762724
0.8,0.4,0.5,0.2,0.9403547,49925,0.07238093611958746
0.7,0.4,0.6,0.3,0.94041693,49925,0.0756910167973748
0.2,0.6,0.9,0.2,0.9404537,49925,0.08295943480530252
0.2,0.7,0.9,0.1,0.9405594,49925,0.08243393858790278
0.7,0.3,0.4,0.2,0.9408319,49925,0.0716683675693793
0.9,0.5,0.6,0.2,0.9409763,49925,0.07285405502199244
0.5,0.1,0.4,0.6,0.94099605,49925,0.0753519076294241
0.7,0.2,0.4,0.4,0.94121087,49925,0.07250231545822462
0.3,0.1,0.4,0.5,0.9412509,49925,0.07906987285371696
0.5,0.6,0.8,0.2,0.94139326,49925,0.07946001679148529
0.5,0.6,0.7,0.1,0.941622,49925,0.07822919217686272
0.1,0.2,0.9,0.8,0.9418334,49925,0.08437161061028928
0.8,0.2,0.5,0.6,0.94192076,49925,0.07346982296679813
0.3,0.2,0.8,0.8,0.9421234,49925,0.08240225470747319
0.5,0.3,0.9,0.8,0.9423948,49925,0.08112088105853456
0.6,0.7,0.9,0.2,0.942465,49925,0.07898310364773174
0.1,0.5,0.7,0.1,0.942545,49925,0.08323582389983132
0.1,0.4,0.7,0.2,0.94259727,49925,0.08391746720714607
0.9,0.3,0.7,0.7,0.9427693,49925,0.07546814839766484
0.7,0.5,0.9,0.5,0.94287103,49925,0.07898209809332062
0.5,0.3,0.6,0.4,0.9433129,49925,0.07871087021690154
0.6,0.7,0.8,0.1,0.9437203,49925,0.07784461124150514
0.7,0.3,0.9,0.9,0.94383055,49925,0.07921676674805628
0.2,0.3,0.8,0.5,0.9438651,49925,0.08381850646554784
0.8,0.3,0.6,0.5,0.94400126,49925,0.07505812878919359
0.8,0.3,0.8,0.8,0.94404256,49925,0.07749608203953955
0.9,0.6,0.9,0.4,0.9441377,49925,0.07687970733217768
0.2,0.5,0.9,0.3,0.94438857,49925,0.08346176483573339
0.6,0.4,0.8,0.5,0.9444428,49925,0.07936206860259633
0.8,0.1,0.5,0.9,0.9445571,49925,0.07300232055581819
0.9,0.2,0.6,0.8,0.94495094,49925,0.07404848947868807
0.7,0.8,0.9,0.1,0.9450089,49925,0.07758070547799002
0.7,0.3,0.7,0.6,0.9454882,49925,0.07752693380515384
0.8,0.5,0.8,0.4,0.94566995,49925,0.0770242569812777
0.2,0.6,0.8,0.1,0.9457437,49925,0.08230684604018097
0.6,0.3,0.8,0.7,0.9459283,49925,0.07951408013629938
0.4,0.2,0.7,0.7,0.9460619,49925,0.08086361093583085
0.6,0.2,0.3,0.2,0.9460894,49925,0.07054915991831016
0.3,0.3,0.5,0.2,0.9461664,49925,0.0802232392463721
0.8,0.4,0.9,0.7,0.94641256,49925,0.07837744194173102
0.4,0.3,0.8,0.6,0.946415,49925,0.08166986385512892
0.6,0.3,0.5,0.3,0.9465544,49925,0.0756497089058103
0.9,0.4,0.8,0.6,0.9466219,49925,0.07649149485190358
0.7,0.2,0.6,0.7,0.94666994,49925,0.07623684593919629
0.2,0.5,0.8,0.2,0.94669515,49925,0.08290807419346058
0.9,0.4,0.5,0.2,0.9468015,49925,0.07111413974915214
0.8,0.1,0.2,0.3,0.9468651,49925,0.06328279976609241
0.5,0.5,0.8,0.3,0.94687283,49925,0.07992300002244218
0.9,0.5,0.7,0.3,0.947021,49925,0.0746648989784209
0.4,0.4,0.7,0.3,0.9471412,49925,0.08057939262307484
0.6,0.6,0.9,0.3,0.9471917,49925,0.07940692626997668
0.4,0.4,0.6,0.2,0.9471917,49925,0.07940692626997668
0.2,0.2,0.3,0.1,0.9471917,49925,0.07940692626997668
0.4,0.1,0.5,0.7,0.94741976,49925,0.07834864061851171
0.5,0.5,0.9,0.4,0.9474593,49925,0.08077119673419522
0.3,0.7,0.9,0.1,0.9479832,49925,0.08154905236702174
0.3,0.2,0.6,0.5,0.9480022,49925,0.0816489463906953
0.6,0.2,0.5,0.5,0.9480137,49925,0.07605737017297177
0.7,0.7,0.9,0.2,0.948112,49925,0.078057860365527
0.4,0.4,0.5,0.1,0.9482223,49925,0.07777879524661443
0.8,0.2,0.7,0.9,0.9482465,49925,0.07628318962588737
0.8,0.4,0.6,0.3,0.9484053,49925,0.07449092461946302
0.7,0.4,0.7,0.4,0.94841325,49925,0.07717747602202954
0.8,0.3,0.4,0.2,0.94841975,49925,0.0701941372586218
0.8,0.1,0.4,0.7,0.94852024,49925,0.07111556005588594
0.3,0.3,0.6,0.3,0.9486169,49925,0.08143225016847831
0.2,0.2,0.4,0.2,0.9486169,49925,0.08143225016847831
0.4,0.4,0.8,0.4,0.9486169,49925,0.08143225016847831
0.1,0.1,0.2,0.1,0.9486169,49925,0.08143225016847831
0.5,0.5,0.6,0.1,0.94869626,49925,0.07736050965607477
0.3,0.3,0.4,0.1,0.9487116,49925,0.07838390105385869
0.6,0.6,0.8,0.2,0.9487116,49925,0.07838390105385869
0.5,0.2,0.6,0.6,0.94872427,49925,0.07877365627403825
0.1,0.2,0.7,0.5,0.94878185,49925,0.08449388789930702
0.5,0.5,0.7,0.2,0.9488641,49925,0.07882317395913054
0.2,0.3,0.9,0.6,0.9488909,49925,0.08402985814222862
0.6,0.2,0.7,0.8,0.9489043,49925,0.07844835388838192
0.1,0.1,0.5,0.5,0.9489057,49925,0.08356403279140007
0.6,0.6,0.7,0.1,0.9490475,49925,0.0770721214208104
0.2,0.1,0.7,0.9,0.9493258,49925,0.0821129024387785
0.5,0.2,0.8,0.9,0.9493538,49925,0.08023693966681215
0.6,0.1,0.5,0.8,0.94940454,49925,0.0754620076284831
0.8,0.1,0.3,0.5,0.9494755,49925,0.06819689616655132
0.3,0.1,0.6,0.8,0.94949,49925,0.0805566561306875
0.8,0.5,0.9,0.5,0.9497308,49925,0.07806554522734069
0.7,0.7,0.8,0.1,0.9499725,49925,0.0768503052830416
0.8,0.8,0.9,0.1,0.9500238,49925,0.07669114431323301
0.6,0.4,0.9,0.6,0.9500349,49925,0.08014851330696635
0.5,0.3,0.7,0.5,0.95013344,49925,0.07976686744494332
0.3,0.6,0.9,0.2,0.95043254,49925,0.08207710767167233
0.2,0.2,0.8,0.7,0.9508236,49925,0.08355425142697637
0.8,0.2,0.4,0.4,0.9516461,49925,0.07106399562460045
0.4,0.1,0.2,0.2,0.9516461,49925,0.07106399562460045
0.9,0.2,0.5,0.6,0.95171607,49925,0.07230389378618288
0.1,0.1,0.7,0.8,0.9517964,49925,0.08337014030805655
0.1,0.4,0.6,0.1,0.9518355,49925,0.08319746196154236
0.9,0.5,0.8,0.4,0.9526596,49925,0.07606533532851618
0.5,0.2,0.4,0.3,0.9528723,49925,0.07558690746310948
0.9,0.3,0.6,0.5,0.9529848,49925,0.07392748548519305
0.8,0.7,0.9,0.2,0.9529963,49925,0.07714666516728637
0.2,0.4,0.9,0.4,0.9530003,49925,0.08378225137940688
0.9,0.4,0.9,0.7,0.9530853,49925,0.07748434260672299
0.9,0.3,0.8,0.8,0.9531113,49925,0.07658386401363544
0.5,0.1,0.3,0.4,0.9533443,49925,0.07305735384774603
0.4,0.4,0.9,0.5,0.953384,49925,0.08203390168901611
0.8,0.3,0.9,0.9,0.9534084,49925,0.07834528353426645
0.4,0.3,0.9,0.7,0.9535784,49925,0.08214450329827601
0.4,0.2,0.5,0.4,0.9535962,49925,0.07910962946485027
0.7,0.6,0.8,0.2,0.95375013,49925,0.07736626968536048
0.2,0.5,0.7,0.1,0.954087,49925,0.08213009097289686
0.6,0.3,0.6,0.4,0.9541658,49925,0.07736753878642157
0.1,0.3,0.7,0.3,0.95418996,49925,0.08436978382461581
0.3,0.3,0.7,0.4,0.9542074,49925,0.08218467109882281
0.6,0.3,0.9,0.8,0.9542231,49925,0.08020770221906796
0.3,0.5,0.9,0.3,0.9542477,49925,0.08251761810966754
0.2,0.4,0.8,0.3,0.9545114,49925,0.0833782549784835
0.7,0.3,0.5,0.3,0.9548822,49925,0.07423445787867211
0.7,0.4,0.8,0.5,0.9549657,49925,0.07834415641260939
0.7,0.3,0.8,0.7,0.95499754,49925,0.0785217914065339
0.3,0.2,0.9,0.9,0.955047,49925,0.08268183162963955
0.7,0.6,0.9,0.3,0.95505667,49925,0.0784687111263872
0.1,0.3,0.8,0.4,0.9551285,49925,0.08459583765291769
0.9,0.8,0.9,0.1,0.9552695,49925,0.07583213706285502
0.9,0.1,0.5,0.9,0.95536,49925,0.07201019723029481
0.8,0.7,0.8,0.1,0.9553722,49925,0.07588798028532548
0.8,0.3,0.7,0.6,0.9554748,49925,0.0764597943059817
0.4,0.7,0.9,0.1,0.9555088,49925,0.08060973945792015
0.5,0.1,0.6,0.9,0.9555608,49925,0.07784944571939201
0.3,0.6,0.8,0.1,0.9556304,49925,0.08128984219088685
0.6,0.5,0.8,0.3,0.955704,49925,0.07886378681231802
0.1,0.3,0.6,0.2,0.9560424,49925,0.08389430963713813
0.6,0.5,0.7,0.2,0.95614725,49925,0.07764203651005282
0.7,0.6,0.7,0.1,0.95636797,49925,0.07596851245814415
0.2,0.2,0.5,0.3,0.95639896,49925,0.08250084573124541
0.9,0.5,0.9,0.5,0.95641685,49925,0.07717538525372682
0.9,0.4,0.6,0.3,0.95649433,49925,0.0733469353046367
0.6,0.5,0.6,0.1,0.95675874,49925,0.07606440563717308
0.6,0.5,0.9,0.4,0.9570253,49925,0.07979018232714398
0.7,0.2,0.3,0.2,0.95715564,49925,0.06875215854509494
0.4,0.6,0.9,0.2,0.95739126,49925,0.08111829780306326
0.5,0.4,0.6,0.2,0.95744663,49925,0.07801437202337048
0.8,0.4,0.7,0.4,0.9575138,49925,0.07607911157241852
0.9,0.3,0.4,0.2,0.957529,49925,0.06883276161336642
0.5,0.4,0.5,0.1,0.95759416,49925,0.07620532872663321
0.3,0.5,0.8,0.2,0.95778745,49925,0.08184690556531968
0.9,0.1,0.2,0.3,0.95782685,49925,0.061725954499062756
0.9,0.7,0.9,0.2,0.9579203,49925,0.0762838926089042
0.9,0.1,0.4,0.7,0.9579396,49925,0.06995822466546821
0.3,0.3,0.8,0.5,0.9581058,49925,0.08275903242839952
0.1,0.2,0.8,0.6,0.9581348,49925,0.08450633091052562
0.2,0.4,0.7,0.2,0.9582722,49925,0.08275591315300988
0.5,0.4,0.7,0.3,0.95847267,49925,0.07933439514360201
0.7,0.4,0.9,0.6,0.95848614,49925,0.07920712117201803
0.4,0.2,0.8,0.8,0.95855606,49925,0.08140681720260204
0.2,0.1,0.4,0.4,0.95855606,49925,0.08140681720260204
0.8,0.2,0.6,0.7,0.9586233,49925,0.07513846384291843
0.6,0.1,0.4,0.6,0.9587135,49925,0.07388538468640542
0.3,0.2,0.7,0.6,0.9588259,49925,0.08215729261201603
0.9,0.2,0.7,0.9,0.95885855,49925,0.07536688445479474
0.5,0.3,0.8,0.6,0.9589455,49925,0.0805788273173436
0.1,0.3,0.9,0.5,0.959208,49925,0.08469446564417402
0.4,0.3,0.4,0.1,0.95952946,49925,0.07639068718828684
0.8,0.6,0.8,0.2,0.95952946,49925,0.07639068718828684
0.7,0.2,0.7,0.8,0.9596026,49925,0.07738465382781591
0.5,0.4,0.8,0.4,0.9597173,49925,0.08031711123714631
0.9,0.7,0.8,0.1,0.96038705,49925,0.07496561356272743
0.4,0.3,0.5,0.2,0.960557,49925,0.07853355646749062
0.2,0.1,0.6,0.7,0.96057385,49925,0.0821784083500229
0.9,0.1,0.3,0.5,0.96067595,49925,0.06684468380143545
0.4,0.1,0.4,0.5,0.96130055,49925,0.07724384870144445
0.5,0.2,0.7,0.7,0.9614124,49925,0.07971353665061222
0.8,0.6,0.7,0.1,0.96149015,49925,0.07491585871348787
0.8,0.6,0.9,0.3,0.9615472,49925,0.0775719838939376
0.9,0.2,0.4,0.4,0.9616554,49925,0.0697142248030295
0.7,0.2,0.5,0.5,0.96190464,49925,0.07469706364393633
0.8,0.4,0.8,0.5,0.9621019,49925,0.07732665620553052
0.6,0.3,0.7,0.5,0.9622811,49925,0.07860765425184538
0.7,0.5,0.8,0.3,0.9625688,49925,0.07782349652201477
0.5,0.7,0.9,0.1,0.9628651,49925,0.07969366556126012
0.2,0.2,0.9,0.8,0.96289253,49925,0.0836645873491799
0.5,0.4,0.9,0.5,0.9630987,49925,0.08105113818980557
0.8,0.3,0.5,0.3,0.96314096,49925,0.07288845005506686
0.7,0.5,0.7,0.2,0.96319133,49925,0.07651015948143346
0.3,0.1,0.5,0.6,0.96320957,49925,0.08021901788197561
0.7,0.1,0.5,0.8,0.96339375,49925,0.07430091816608535
0.5,0.1,0.5,0.7,0.9635535,49925,0.07698168369625592
0.4,0.3,0.6,0.3,0.96373147,49925,0.07994486606446058
0.4,0.6,0.8,0.1,0.9638665,49925,0.08024974263290242
0.7,0.3,0.6,0.4,0.9639391,49925,0.0761043259903102
0.3,0.1,0.3,0.3,0.963943,49925,0.07751785884068031
0.9,0.3,0.9,0.9,0.963943,49925,0.07751785884068031
0.6,0.2,0.6,0.6,0.963943,49925,0.07751785884068031
0.6,0.2,0.8,0.9,0.9639853,49925,0.07929079071771462
0.1,0.6,0.9,0.1,0.9639962,49925,0.083322879846682
0.7,0.5,0.6,0.1,0.9641582,49925,0.07481917137886897
0.4,0.5,0.9,0.3,0.96421564,49925,0.08153950685556595
0.3,0.5,0.7,0.1,0.96426,49925,0.08096635286356521
0.1,0.3,0.5,0.1,0.964446,49925,0.08313973105528867
0.9,0.4,0.7,0.4,0.9645492,49925,0.07503578334969928
0.1,0.5,0.9,0.2,0.9646275,49925,0.0838483569226631
0.9,0.3,0.7,0.6,0.96468395,49925,0.0754468003391386
0.2,0.4,0.6,0.1,0.9647262,49925,0.08189476423232685
0.7,0.5,0.9,0.4,0.9647529,49925,0.07884385469004608
0.1,0.1,0.3,0.2,0.9649908,49925,0.08310224488074605
0.2,0.2,0.6,0.4,0.9649908,49925,0.08310224488074605
0.3,0.3,0.9,0.6,0.9649908,49925,0.08310224488074605
0.8,0.3,0.8,0.7,0.96517825,49925,0.07753097577193264
0.1,0.2,0.9,0.7,0.965247,49925,0.08444777409662822
0.7,0.3,0.9,0.8,0.96525216,49925,0.07930799570107591
0.5,0.3,0.9,0.7,0.96529126,49925,0.08119482132453619
0.5,0.6,0.9,0.2,0.96569526,49925,0.08017173661688919
0.6,0.2,0.4,0.3,0.9658223,49925,0.07383633960416466
0.4,0.2,0.6,0.5,0.96585727,49925,0.08022732013441865
0.6,0.4,0.5,0.1,0.966096,49925,0.07470694256299784
0.8,0.2,0.3,0.2,0.96653086,49925,0.06710663142600919
0.3,0.4,0.8,0.3,0.9671055,49925,0.08231295310449803
0.9,0.6,0.8,0.2,0.967185,49925,0.07545079174737207
0.9,0.6,0.7,0.1,0.9675682,49925,0.07387064362642781
0.6,0.1,0.3,0.4,0.9675783,49925,0.07118100693717022
0.8,0.4,0.9,0.6,0.96767503,49925,0.07830874104039498
0.4,0.3,0.7,0.4,0.9677977,49925,0.08092952352506855
0.6,0.4,0.6,0.2,0.9678273,49925,0.07669238911333956
0.3,0.2,0.3,0.1,0.9678273,49925,0.07669238911333956
0.9,0.6,0.9,0.3,0.9678273,49925,0.07669238911333956
0.6,0.4,0.7,0.3,0.96802276,49925,0.07813672332308844
0.4,0.1,0.6,0.8,0.96808195,49925,0.07939224529205667
0.6,0.7,0.9,0.1,0.9681199,49925,0.07875707351819534
0.3,0.4,0.9,0.4,0.9682733,49925,0.08285764377834985
0.3,0.1,0.7,0.9,0.9683493,49925,0.08111320722477448
0.1,0.1,0.8,0.9,0.968375,49925,0.08337571126937536
0.4,0.2,0.9,0.9,0.9684061,49925,0.08179633302237145
0.4,0.5,0.8,0.2,0.9685694,49925,0.08074618218316501
0.5,0.2,0.5,0.4,0.9685752,49925,0.07753792616008871
0.5,0.1,0.2,0.2,0.9687529,49925,0.06845260269791412
0.8,0.5,0.6,0.1,0.96883047,49925,0.07362004301574479
0.6,0.1,0.6,0.9,0.9693373,49925,0.07678615953746232
0.3,0.2,0.8,0.7,0.96952665,49925,0.08256059701664603
0.9,0.2,0.6,0.7,0.96972877,49925,0.07406731290841577
0.9,0.4,0.8,0.5,0.97009283,49925,0.07635263106677356
0.5,0.6,0.8,0.1,0.97022176,49925,0.07919281305070873
0.1,0.1,0.6,0.6,0.9702328,49925,0.08363495663897696
0.6,0.3,0.8,0.6,0.97044194,49925,0.07951961492192215
0.8,0.5,0.8,0.3,0.97053754,49925,0.07682486711032249
0.8,0.2,0.7,0.8,0.97057456,49925,0.07637945930903821
0.3,0.2,0.4,0.2,0.9708353,49925,0.07921449693988349
0.6,0.4,0.8,0.4,0.9708353,49925,0.07921449693988349
0.2,0.2,0.7,0.5,0.97090805,49925,0.08341978054594197
0.3,0.4,0.7,0.2,0.9710098,49925,0.08150858438593693
0.9,0.3,0.5,0.3,0.97126377,49925,0.07162430425182291
0.7,0.1,0.4,0.6,0.9715271,49925,0.07247705350300367
0.8,0.5,0.9,0.4,0.9715715,49925,0.07791666386271331
0.8,0.5,0.7,0.2,0.9716737,49925,0.07543652316011987
0.1,0.4,0.9,0.3,0.9722754,49925,0.08423338555244471
0.4,0.5,0.7,0.1,0.9725083,49925,0.07973746760576932
0.8,0.2,0.5,0.5,0.9725309,49925,0.07341343805380078
0.7,0.4,0.5,0.1,0.97257656,49925,0.07329709010496872
0.7,0.3,0.7,0.5,0.9727303,49925,0.07745646186331312
0.2,0.6,0.9,0.1,0.9728112,49925,0.08255162745374026
0.4,0.3,0.8,0.5,0.9728244,49925,0.08161598395739808
0.2,0.3,0.7,0.3,0.97291243,49925,0.08321548966363333
0.5,0.3,0.5,0.2,0.9731767,49925,0.07690859156827372
0.7,0.2,0.8,0.9,0.9731928,49925,0.07832469850466521
0.5,0.2,0.8,0.8,0.973321,49925,0.08040628119866863
0.6,0.4,0.9,0.5,0.9733307,49925,0.08008955285155457
0.5,0.3,0.4,0.1,0.9735263,49925,0.07451340939899903
0.5,0.5,0.9,0.3,0.9735682,49925,0.0805416193784889
0.8,0.1,0.5,0.8,0.9735843,49925,0.07315900435406397
0.6,0.2,0.7,0.7,0.97364134,49925,0.07857353633123315
0.9,0.3,0.8,0.7,0.9737195,49925,0.07660368110888065
0.8,0.3,0.9,0.8,0.9743438,49925,0.07839988258346882
0.9,0.5,0.6,0.1,0.9743859,49925,0.07249145724218851
0.7,0.7,0.9,0.1,0.97445357,49925,0.0778066067185028
0.8,0.3,0.6,0.4,0.9744855,49925,0.07488913412604262
0.2,0.3,0.8,0.4,0.9745309,49925,0.0836107871466044
0.6,0.6,0.9,0.2,0.974746,49925,0.07920018161463714
0.2,0.3,0.6,0.2,0.97489613,49925,0.08254902874267528
0.9,0.4,0.9,0.6,0.9749616,49925,0.077406771191989
0.1,0.5,0.8,0.1,0.97503126,49925,0.08330583904648109
0.9,0.2,0.3,0.2,0.97529364,49925,0.06560319845069323
0.3,0.4,0.6,0.1,0.9754651,49925,0.08048831314272868
0.7,0.2,0.6,0.6,0.9754662,49925,0.07629241084545679
0.2,0.5,0.9,0.2,0.9756034,49925,0.0830396571162439
0.7,0.4,0.6,0.2,0.97572017,49925,0.0754142172762274
0.3,0.2,0.5,0.3,0.97668755,49925,0.08069931455895289
0.7,0.4,0.7,0.3,0.97678226,49925,0.07699033498338606
0.9,0.5,0.8,0.3,0.9770249,49925,0.07586201027814121
0.2,0.1,0.7,0.8,0.97722656,49925,0.08247594987308496
0.4,0.2,0.7,0.6,0.97728944,49925,0.08099255536966994
0.9,0.5,0.7,0.2,0.9772966,49925,0.07438522409497685
0.5,0.3,0.6,0.3,0.97732526,49925,0.078518037131593
0.2,0.3,0.9,0.5,0.9773422,49925,0.08389323090204044
0.6,0.6,0.8,0.1,0.9774032,49925,0.07812112553685963
0.7,0.2,0.4,0.3,0.9774838,49925,0.0722097955847956
0.1,0.4,0.8,0.2,0.97776115,49925,0.08385323223647025
0.5,0.5,0.8,0.2,0.9777676,49925,0.0796698675398928
0.6,0.3,0.9,0.7,0.97817653,49925,0.08025309026953444
0.2,0.2,0.8,0.6,0.9788145,49925,0.08363779006032289
0.1,0.1,0.4,0.3,0.9788145,49925,0.08363779006032289
0.9,0.5,0.9,0.4,0.9788374,49925,0.07702565463991454
0.8,0.7,0.9,0.1,0.97891355,49925,0.07688921451148754
0.6,0.1,0.5,0.7,0.9791234,49925,0.07570960852154178
0.2,0.1,0.5,0.5,0.9793404,49925,0.08210215007273826
0.4,0.3,0.9,0.6,0.97939366,49925,0.08213454699888337
0.7,0.3,0.8,0.6,0.97943693,49925,0.07850855964144977
0.7,0.4,0.8,0.4,0.9796775,49925,0.07816476844601879
0.4,0.4,0.9,0.4,0.9801473,49925,0.08184890237085714
0.3,0.2,0.9,0.8,0.98015916,49925,0.0828269206218535
0.7,0.6,0.9,0.2,0.9801773,49925,0.078248266269318
0.3,0.6,0.9,0.1,0.9802539,49925,0.08164446241126654
0.4,0.4,0.8,0.3,0.9802551,49925,0.08118821596889149
0.7,0.1,0.6,0.9,0.9803782,49925,0.07575291679594076
0.5,0.2,0.6,0.5,0.9803824,49925,0.07884517332367919
0.5,0.1,0.4,0.5,0.9804854,49925,0.07557203668308508
0.8,0.4,0.5,0.1,0.98049396,49925,0.07194603771737011
0.9,0.2,0.7,0.8,0.9807596,49925,0.07542957080777603
0.8,0.3,0.7,0.5,0.98098135,49925,0.07635922200152749
0.6,0.3,0.4,0.1,0.98116475,49925,0.07277961678124124
0.5,0.3,0.7,0.4,0.9811882,49925,0.07968806149383759
0.9,0.2,0.5,0.5,0.98143804,49925,0.07219200774571694
0.7,0.1,0.3,0.4,0.98146987,49925,0.06949396486271377
0.5,0.5,0.7,0.1,0.9815942,49925,0.07852910673114417
0.3,0.1,0.6,0.7,0.98162836,49925,0.08096172618199447
0.2,0.3,0.5,0.1,0.9818306,49925,0.0814898146453782
0.6,0.2,0.5,0.4,0.9819201,49925,0.0760384447598881
0.9,0.3,0.6,0.4,0.9819524,49925,0.07373291163570261
0.8,0.2,0.8,0.9,0.9822436,49925,0.07739148895244863
0.9,0.3,0.9,0.8,0.9823195,49925,0.07754347831639104
0.6,0.5,0.9,0.3,0.9824653,49925,0.0795724515285059
0.4,0.4,0.7,0.2,0.9825038,49925,0.08028914418729688
0.8,0.4,0.6,0.2,0.9825072,49925,0.07419241211307069
0.4,0.2,0.3,0.1,0.9825072,49925,0.07419241211307069
0.5,0.2,0.9,0.9,0.9825753,49925,0.08090764263219002
0.2,0.5,0.8,0.1,0.982905,49925,0.08239536477528842
0.1,0.1,0.7,0.7,0.9829116,49925,0.0836284043440398
0.7,0.4,0.9,0.5,0.98314834,49925,0.07912505371139175
0.8,0.1,0.4,0.6,0.9832464,49925,0.07114653483982362
0.5,0.1,0.6,0.8,0.9832981,49925,0.07818413929432898
0.7,0.6,0.8,0.1,0.98338735,49925,0.07709181807420648
0.9,0.1,0.5,0.8,0.9834105,49925,0.07211578038108216
0.1,0.2,0.5,0.2,0.98375064,49925,0.08378202238532424
0.4,0.1,0.5,0.6,0.9837771,49925,0.07872948553226712
0.6,0.3,0.5,0.2,0.98388505,49925,0.07538103712034679
0.1,0.2,0.6,0.3,0.9839152,49925,0.08416938929156084
0.6,0.1,0.2,0.2,0.9844769,49925,0.06618861224634269
0.9,0.7,0.9,0.1,0.98466396,49925,0.07604976752314169
0.6,0.5,0.8,0.2,0.98489803,49925,0.078612085921927
0.3,0.2,0.6,0.4,0.9851374,49925,0.0816507020798743
0.4,0.2,0.8,0.7,0.98515725,49925,0.08152312070108776
0.8,0.4,0.7,0.3,0.98517615,49925,0.07587754315780243
0.3,0.5,0.9,0.2,0.9852108,49925,0.08210698617184312
0.1,0.2,0.7,0.4,0.9852797,49925,0.08435516934985267
0.4,0.1,0.7,0.9,0.9853656,49925,0.08008291618443812
0.2,0.4,0.9,0.3,0.9853771,49925,0.08341255549537682
0.6,0.2,0.8,0.8,0.98541206,49925,0.07940242928217477
0.3,0.1,0.4,0.4,0.98541206,49925,0.07940242928217477
0.8,0.6,0.9,0.2,0.98555136,49925,0.07733400146681828
0.5,0.3,0.8,0.5,0.9860109,49925,0.0805111433779876
0.7,0.2,0.7,0.7,0.9861958,49925,0.07749718316505025
0.9,0.4,0.5,0.1,0.98670125,49925,0.07066235666950531
0.8,0.2,0.4,0.3,0.98685414,49925,0.07073573397014316
0.7,0.3,0.9,0.7,0.9868568,49925,0.07931215241694248
0.8,0.2,0.6,0.6,0.98710966,49925,0.07512190395271597
0.4,0.1,0.3,0.3,0.98710966,49925,0.07512190395271597
0.4,0.6,0.9,0.1,0.98718196,49925,0.0807397578154484
0.4,0.4,0.6,0.1,0.9872691,49925,0.07903529995596324
0.2,0.2,0.9,0.7,0.98757124,49925,0.08372374059846105
0.8,0.4,0.8,0.4,0.9876931,49925,0.07714787391772616
0.4,0.2,0.4,0.2,0.9876931,49925,0.07714787391772616
0.6,0.3,0.6,0.3,0.9876931,49925,0.07714787391772615
0.2,0.1,0.2,0.1,0.9876931,49925,0.07714787391772616
0.6,0.5,0.7,0.1,0.9884823,49925,0.07732743564135465
0.7,0.3,0.4,0.1,0.98858225,49925,0.0711575146391259
0.8,0.6,0.8,0.1,0.9886413,49925,0.07611469546314523
0.9,0.4,0.6,0.2,0.989043,49925,0.07300931888258512
0.1,0.4,0.7,0.1,0.9894034,49925,0.08323607366724725
0.8,0.3,0.8,0.6,0.9894242,49925,0.07750347240131081
0.3,0.3,0.7,0.3,0.9897094,49925,0.0819455986253238
0.8,0.4,0.9,0.5,0.9897568,49925,0.07816196675675485
0.3,0.3,0.8,0.4,0.9900871,49925,0.08256599063496607
0.5,0.4,0.9,0.4,0.9901125,49925,0.08084352484635408
0.5,0.3,0.9,0.6,0.9902139,49925,0.08115222510114298
0.9,0.3,0.7,0.5,0.9902271,49925,0.07531277922373182
0.7,0.5,0.9,0.3,0.9903146,49925,0.07862444844889403
0.5,0.2,0.7,0.6,0.99039423,49925,0.07980827570866028
0.2,0.1,0.8,0.9,0.9904065,49925,0.0826715623199036
0.1,0.2,0.8,0.5,0.9905969,49925,0.08437932891329601
0.3,0.2,0.7,0.5,0.99072003,49925,0.0822495376973728
0.9,0.6,0.9,0.2,0.9911817,49925,0.07645122012984305
0.9,0.2,0.8,0.9,0.9912582,49925,0.07648065006079093
0.5,0.4,0.8,0.3,0.99137646,49925,0.08006087916266738
0.7,0.5,0.8,0.2,0.9917885,49925,0.07757669622548065
0.3,0.3,0.9,0.5,0.99182767,49925,0.08299600210284967
0.8,0.1,0.6,0.9,0.9918894,49925,0.0747256998932802
0.6,0.3,0.7,0.4,0.99206597,49925,0.07847079655078679
0.2,0.4,0.8,0.2,0.9921117,49925,0.08288676470296366
0.1,0.2,0.4,0.1,0.9921117,49925,0.08288676470296366
0.5,0.4,0.7,0.2,0.9921504,49925,0.07904777866744989
0.9,0.4,0.7,0.3,0.9922501,49925,0.07482785824774937
0.3,0.3,0.6,0.2,0.9925409,49925,0.08106404924842446
0.3,0.5,0.8,0.1,0.99255824,49925,0.08138683317121762
0.4,0.2,0.9,0.8,0.9928904,49925,0.08190999064067883
0.5,0.6,0.9,0.1,0.9930389,49925,0.07981227239666246
0.1,0.3,0.9,0.4,0.9932835,49925,0.08436300058778008
0.7,0.1,0.5,0.7,0.9932858,49925,0.07448908618036272
0.7,0.3,0.5,0.2,0.99348086,49925,0.07390503952041953
0.6,0.2,0.6,0.5,0.9936124,49925,0.07753885008198158
0.7,0.2,0.5,0.4,0.9939407,49925,0.07460404952413482
0.1,0.1,0.5,0.4,0.9941317,49925,0.08374316095920166
0.1,0.3,0.8,0.3,0.99427307,49925,0.08413134000636205
0.9,0.1,0.4,0.6,0.99433184,49925,0.06989027691512602
0.8,0.1,0.3,0.4,0.99440193,49925,0.06792742886870654
0.9,0.6,0.8,0.1,0.99466217,49925,0.07517881488270022
0.4,0.5,0.9,0.2,0.9947736,49925,0.0811971173515083
0.1,0.1,0.8,0.8,0.99487454,49925,0.08358447096669784
0.8,0.3,0.4,0.1,0.99487656,49925,0.06963083340975207
0.1,0.2,0.9,0.6,0.9949193,49925,0.08434040317660409
0.8,0.3,0.9,0.7,0.99503034,49925,0.07839083506316868
0.6,0.1,0.4,0.5,0.995103,49925,0.07399408615687683
0.6,0.2,0.9,0.9,0.9951305,49925,0.08004157406120485
0.2,0.1,0.6,0.6,0.99515456,49925,0.08250694948085326
0.9,0.4,0.8,0.4,0.99541867,49925,0.07616354261990718
0.9,0.2,0.4,0.3,0.99546045,49925,0.06932538004895646
0.4,0.2,0.5,0.3,0.9955619,49925,0.07899115613525914
0.7,0.5,0.7,0.1,0.9956098,49925,0.07619452301276612
0.3,0.1,0.7,0.8,0.9958787,49925,0.0814324695144617
0.5,0.2,0.3,0.1,0.9959704,49925,0.07190561125370525
0.3,0.3,0.5,0.1,0.99609566,49925,0.07975616351097013
0.7,0.1,0.2,0.2,0.9961897,49925,0.06413991792767822
0.7,0.2,0.8,0.8,0.99629223,49925,0.07840182536520858
0.6,0.1,0.6,0.8,0.99668896,49925,0.07702223303327425
0.9,0.2,0.6,0.6,0.9967932,49925,0.07400026738503253
0.8,0.2,0.7,0.7,0.9968631,49925,0.07643383785778764
0.5,0.4,0.6,0.1,0.9969086,49925,0.07764681244491227
0.6,0.3,0.8,0.5,0.99713165,49925,0.07944600976347468
0.9,0.3,0.8,0.6,0.99766505,49925,0.07655138404619988
0.3,0.2,0.8,0.6,0.99770653,49925,0.08260768079303878
0.8,0.5,0.9,0.3,0.9977252,49925,0.07769186058665657
0.7,0.3,0.6,0.3,0.9977447,49925,0.07583828479256648
0.9,0.4,0.9,0.5,0.998049,49925,0.07726112395991099
0.8,0.5,0.8,0.2,0.9981649,49925,0.07655583973756899
0.5,0.2,0.8,0.7,0.9982644,49925,0.0805049973149172
0.3,0.4,0.9,0.3,0.9988292,49925,0.08251292389277859
0.2,0.4,0.7,0.1,0.99919313,49925,0.08217172526012342
0.4,0.1,0.6,0.7,0.9991963,49925,0.0797142470844148
0.6,0.4,0.7,0.2,0.99985415,49925,0.07782875030492577
0.5,0.1,0.7,0.9,0.9999928,49925,0.07907313741038868
0.6,0.4,0.9,0.4,1.0003618,49925,0.07984763476934302
0.5,0.1,0.5,0.6,1.0004256,49925,0.0772567531761415
0.4,0.5,0.8,0.1,1.000488,49925,0.08034277287471314
0.6,0.3,0.9,0.6,1.000518,49925,0.08017687205605205
0.2,0.1,0.3,0.2,1.000518,49925,0.08017687205605205
0.4,0.2,0.6,0.4,1.000518,49925,0.08017687205605205
0.6,0.6,0.9,0.1,1.0006422,49925,0.07887259614052672
0.6,0.4,0.8,0.3,1.0007517,49925,0.07896817537226196
0.9,0.3,0.4,0.1,1.0008342,49925,0.0682259614256206
0.7,0.3,0.7,0.4,1.0016639,49925,0.07729008948490118
0.8,0.3,0.5,0.2,1.0018128,49925,0.07252993984555178
0.1,0.3,0.7,0.2,1.0019889,49925,0.08375107226352595
0.5,0.2,0.4,0.2,1.0023009,49925,0.07521098466478941
0.5,0.5,0.9,0.2,1.0024772,49925,0.08022143632457858
0.3,0.4,0.8,0.2,1.0025135,49925,0.08186512478387438
0.8,0.5,0.7,0.1,1.0026754,49925,0.07513103458213859
0.3,0.1,0.5,0.5,1.0027649,49925,0.08050460825280897
0.6,0.2,0.7,0.6,1.0029016,49925,0.07863969661654033
0.9,0.3,0.9,0.7,1.0030233,49925,0.07752321667889267
0.9,0.1,0.6,0.9,1.0033158,49925,0.07375511255328239
0.4,0.3,0.7,0.3,1.0036383,49925,0.08064801651234384
0.9,0.5,0.8,0.2,1.0037901,49925,0.07558989756265411
0.8,0.2,0.5,0.4,1.0039506,49925,0.07323286071083299
0.8,0.1,0.2,0.2,1.0040046,49925,0.062304668487771116
0.7,0.2,0.9,0.9,1.0043969,49925,0.07913411904092076
0.9,0.1,0.3,0.4,1.0043999,49925,0.06648823908918924
0.6,0.2,0.3,0.1,1.0044484,49925,0.06985143293310192
0.1,0.1,0.6,0.5,1.0045912,49925,0.08376892698411932
0.3,0.2,0.9,0.7,1.0046941,49925,0.0828382416179405
0.1,0.1,0.9,0.9,1.0047853,49925,0.08352317542791457
0.9,0.5,0.9,0.3,1.004804,49925,0.0767856130443215
0.6,0.4,0.6,0.1,1.004827,49925,0.07630951665652909
0.8,0.1,0.5,0.7,1.0051451,49925,0.0732982391742681
0.4,0.3,0.8,0.4,1.0055745,49925,0.08144421489078169
0.7,0.2,0.6,0.5,1.0057688,49925,0.07626684630215166
0.4,0.3,0.9,0.5,1.005821,49925,0.08198610733115246
0.2,0.2,0.6,0.3,1.005842,49925,0.08282704879535172
0.1,0.5,0.9,0.1,1.0060519,49925,0.08322576435144848
0.5,0.2,0.9,0.8,1.0060561,49925,0.08099254525823568
0.4,0.3,0.6,0.2,1.0061177,49925,0.07957198866119879
0.7,0.6,0.9,0.1,1.0061189,49925,0.07795233227617421
0.5,0.1,0.3,0.3,1.0065335,49925,0.0729510714072476
0.8,0.2,0.8,0.8,1.0069107,49925,0.07743126504676517
0.4,0.1,0.4,0.4,1.0069107,49925,0.07743126504676517
0.2,0.2,0.5,0.2,1.007208,49925,0.08207903432582724
0.3,0.1,0.8,0.9,1.0072696,49925,0.08179701113660953
0.8,0.3,0.6,0.3,1.007321,49925,0.0745903200991644
0.9,0.5,0.7,0.1,1.0074073,49925,0.07404362667333388
0.7,0.3,0.8,0.5,1.0076714,49925,0.07837208950948042
0.4,0.2,0.7,0.5,1.0078299,49925,0.08101100449381327
0.2,0.2,0.7,0.4,1.0078604,49925,0.08328526311416873
0.2,0.1,0.7,0.7,1.0080026,49925,0.08272746313835976
0.4,0.3,0.5,0.1,1.0081434,49925,0.07807619493545122
0.9,0.2,0.7,0.7,1.0082234,49925,0.07541161806171488
0.5,0.5,0.8,0.1,1.0082237,49925,0.07926870512555236
0.7,0.1,0.6,0.8,1.0082304,49925,0.07590041051913977
0.9,0.3,0.5,0.2,1.008301,49925,0.07121847614302552
0.7,0.4,0.8,0.3,1.0083542,49925,0.07788799019443292
0.2,0.3,0.9,0.4,1.0085608,49925,0.08355911897072126
0.7,0.4,0.9,0.4,1.0093863,49925,0.07888811935871488
0.7,0.4,0.7,0.2,1.0098215,49925,0.07667241572407342
0.8,0.3,0.7,0.4,1.0099845,49925,0.0761629475953817
0.5,0.2,0.5,0.3,1.01014,49925,0.07733134267864807
0.4,0.4,0.9,0.3,1.0101924,49925,0.08152277569760563
0.2,0.2,0.8,0.5,1.0102636,49925,0.08354031123460666
0.9,0.1,0.2,0.2,1.0102905,49925,0.06066653280698041
0.3,0.4,0.7,0.1,1.0102942,49925,0.08095451898246457
0.7,0.1,0.4,0.5,1.0104399,49925,0.07246617043606209
0.2,0.3,0.8,0.3,1.0105264,49925,0.08318734644097016
0.6,0.5,0.9,0.2,1.0111139,49925,0.07927260954478645
0.6,0.2,0.8,0.7,1.0111967,49925,0.0794754331687
0.7,0.3,0.9,0.6,1.0113107,49925,0.07922749613491978
0.6,0.1,0.7,0.9,1.0116673,49925,0.07802870338559326
0.7,0.4,0.6,0.1,1.0119661,49925,0.07503729798180339
0.8,0.6,0.9,0.1,1.0119932,49925,0.07703132654413539
0.4,0.1,0.7,0.8,1.0127665,49925,0.08038932815549933
0.1,0.3,0.6,0.1,1.0129732,49925,0.083082953795815
0.1,0.4,0.9,0.2,1.0132625,49925,0.08362448346292432
0.6,0.1,0.5,0.6,1.0132915,49925,0.07586156174690918
0.4,0.4,0.8,0.2,1.0133424,49925,0.08076402434542518
0.2,0.2,0.4,0.1,1.0133424,49925,0.08076402434542518
0.9,0.2,0.5,0.4,1.0134087,49925,0.0719518076732525
0.2,0.5,0.9,0.1,1.0134686,49925,0.08247301512303444
0.6,0.2,0.4,0.2,1.0135968,49925,0.07342621125105246
0.9,0.3,0.6,0.3,1.0135968,49925,0.07342621125105248
0.3,0.1,0.2,0.1,1.0135968,49925,0.07342621125105246
0.7,0.2,0.3,0.1,1.013726,49925,0.06798292711457879
0.8,0.2,0.9,0.9,1.013726,49925,0.07826043182511777
0.4,0.2,0.8,0.6,1.0138078,49925,0.08156179659000828
0.2,0.1,0.4,0.3,1.0138078,49925,0.08156179659000828
0.7,0.2,0.7,0.6,1.0138274,49925,0.07749839817795819
0.5,0.1,0.6,0.7,1.0149739,49925,0.07846122851419494
0.1,0.1,0.7,0.6,1.0151392,49925,0.08373676652096537
0.9,0.1,0.5,0.7,1.015168,49925,0.07215768564954701
0.9,0.2,0.8,0.8,1.0152828,49925,0.07650809754643274
0.8,0.4,0.8,0.3,1.0153447,49925,0.07688056033000057
0.5,0.3,0.8,0.4,1.0157652,49925,0.08032776782121423
0.5,0.2,0.6,0.4,1.015803,49925,0.07877378020486728
0.5,0.3,0.6,0.2,1.0159106,49925,0.07814482571654627
0.6,0.5,0.8,0.1,1.0161524,49925,0.07823291137134834
0.5,0.3,0.9,0.5,1.0162104,49925,0.08098619189240507
0.3,0.1,0.6,0.6,1.0162524,49925,0.08119925121240888
0.8,0.4,0.9,0.4,1.016604,49925,0.07794587783973389
0.8,0.4,0.7,0.2,1.0166684,49925,0.0755433259674275
0.5,0.3,0.7,0.3,1.0166693,49925,0.07938649475485589
0.2,0.2,0.9,0.6,1.0169327,49925,0.08364659988624318
0.2,0.3,0.7,0.2,1.0169752,49925,0.08263846528466785
0.9,0.6,0.9,0.1,1.0174375,49925,0.07615543513464348
0.8,0.2,0.6,0.5,1.0174398,49925,0.07507780782035313
0.8,0.4,0.6,0.1,1.0175236,49925,0.07377286438117207
0.8,0.3,0.8,0.5,1.0178295,49925,0.07737504315552576
0.2,0.1,0.8,0.8,1.0180753,49925,0.08286288635857827
0.6,0.1,0.3,0.3,1.0182792,49925,0.07097895736901781
0.9,0.3,0.7,0.4,1.0185369,49925,0.07508160848537643
0.7,0.5,0.9,0.2,1.0186068,49925,0.07832559562832929
0.6,0.2,0.9,0.8,1.01868,49925,0.0800872364034167
0.8,0.1,0.6,0.8,1.0192724,49925,0.07484868771549878
0.4,0.4,0.7,0.1,1.0194896,49925,0.07976099541911824
0.5,0.2,0.7,0.5,1.0197438,49925,0.07977094143887727
0.5,0.3,0.5,0.1,1.0198094,49925,0.07643616763747607
0.5,0.4,0.9,0.3,1.0198708,49925,0.08052153360307944
0.4,0.2,0.9,0.7,1.0198871,49925,0.08193692304127118
0.6,0.2,0.5,0.3,1.020185,49925,0.07576853404418438
0.8,0.3,0.9,0.6,1.0204644,49925,0.07830370926692788
0.8,0.1,0.4,0.5,1.0207435,49925,0.0710559846961788
0.3,0.5,0.9,0.1,1.0211169,49925,0.0816026280647053
0.7,0.5,0.8,0.1,1.0211267,49925,0.07719855749963776
0.4,0.1,0.5,0.5,1.0214114,49925,0.07891275842566865
0.7,0.2,0.8,0.7,1.0218853,49925,0.07845509101643125
0.8,0.2,0.3,0.1,1.0222082,49925,0.06626260835878811
0.3,0.3,0.9,0.4,1.0224731,49925,0.0826558664928179
0.9,0.4,0.7,0.2,1.0224737,49925,0.07444332864844669
0.4,0.1,0.8,0.9,1.0226041,49925,0.0808693991252856
0.9,0.4,0.6,0.1,1.0226284,49925,0.0725812437121816
0.9,0.2,0.9,0.9,1.0227724,49925,0.0773906987275605
0.1,0.1,0.8,0.7,1.0228357,49925,0.083693012624982
0.9,0.4,0.9,0.4,1.0229579,49925,0.07703602216632345
0.7,0.1,0.7,0.9,1.0232201,49925,0.07702056122527993
0.9,0.4,0.8,0.3,1.0232445,49925,0.07587524447650092
0.7,0.2,0.4,0.2,1.023351,49925,0.07176064918851283
0.5,0.4,0.8,0.2,1.0236651,49925,0.07966173898596107
0.9,0.3,0.8,0.5,1.0236772,49925,0.07637106561471046
0.8,0.2,0.7,0.6,1.0236822,49925,0.076415103083721
0.2,0.4,0.9,0.2,1.023875,49925,0.08283279514937925
0.9,0.2,0.6,0.5,1.0240017,49925,0.0739084500626103
0.2,0.1,0.5,0.4,1.0243413,49925,0.08223403815534538
0.5,0.1,0.4,0.4,1.02458,49925,0.07563053616538325
0.3,0.3,0.8,0.3,1.0247343,49925,0.08214837326176255
0.8,0.5,0.9,0.2,1.0248019,49925,0.07739239498308795
0.3,0.2,0.6,0.3,1.0250568,49925,0.08136994969432643
0.6,0.3,0.8,0.4,1.0252761,49925,0.07921495751986365
0.6,0.3,0.7,0.3,1.0253477,49925,0.07813754121010441
0.3,0.2,0.7,0.4,1.0255762,49925,0.0820563282810143
0.7,0.1,0.5,0.6,1.0256519,49925,0.07453592129374619
0.2,0.3,0.6,0.1,1.0258292,49925,0.08179812356031889
0.3,0.1,0.7,0.7,1.025917,49925,0.08168965796517764
0.6,0.3,0.6,0.2,1.025984,49925,0.07675949123128893
0.2,0.1,0.9,0.9,1.0262843,49925,0.08294187975025363
0.5,0.2,0.8,0.6,1.0266945,49925,0.08050465366018109
0.6,0.3,0.9,0.5,1.0269305,49925,0.08000253297587559
0.1,0.4,0.8,0.1,1.0269982,49925,0.08306442977818711
0.1,0.2,0.9,0.5,1.0270033,49925,0.08409486084345359
0.6,0.1,0.6,0.7,1.0273856,49925,0.07721497088617288
0.1,0.2,0.8,0.4,1.0274994,49925,0.08402274538931069
0.3,0.2,0.5,0.2,1.0277572,49925,0.08027754517431632
0.8,0.5,0.8,0.1,1.0278383,49925,0.07619442154441514
0.6,0.2,0.6,0.4,1.0278695,49925,0.07740941211483474
0.9,0.3,0.9,0.6,1.0278695,49925,0.07740941211483474
0.3,0.1,0.3,0.2,1.0278695,49925,0.07740941211483474
0.4,0.5,0.9,0.1,1.0279925,49925,0.08064784141077455
0.6,0.3,0.5,0.1,1.0281364,49925,0.07486792506949037
0.5,0.1,0.7,0.8,1.0282593,49925,0.079312161293043
0.7,0.2,0.9,0.8,1.0283003,49925,0.07917768227861428
0.3,0.2,0.8,0.5,1.0285496,49925,0.08248882466787485
0.9,0.2,0.3,0.1,1.0288885,49925,0.06470921105689816
0.3,0.3,0.7,0.2,1.0289521,49925,0.0814278612773593
0.5,0.4,0.7,0.1,1.0293036,49925,0.07855671492915389
0.6,0.4,0.9,0.3,1.0295074,49925,0.07953024930513689
0.9,0.1,0.6,0.8,1.0300354,49925,0.073816693859311
0.1,0.1,0.9,0.8,1.0302293,49925,0.08360089846164656
0.7,0.1,0.3,0.3,1.0308423,49925,0.06914247292514084
0.9,0.1,0.4,0.5,1.0311105,49925,0.06973274871283225
0.8,0.2,0.8,0.7,1.0311482,49925,0.07744415984817626
0.8,0.1,0.7,0.9,1.0313399,49925,0.07603756670464597
0.7,0.2,0.5,0.3,1.031405,49925,0.07428342427114808
0.5,0.2,0.9,0.7,1.0318674,49925,0.08103028444959906
0.3,0.2,0.9,0.6,1.0320083,49925,0.08276055894374101
0.1,0.2,0.7,0.3,1.0322212,49925,0.08381806014197603
0.9,0.5,0.9,0.2,1.032238,49925,0.07648746761678117
0.6,0.4,0.8,0.2,1.0329157,49925,0.07857279301293162
0.3,0.2,0.4,0.1,1.0329157,49925,0.07857279301293162
0.4,0.3,0.9,0.4,1.0330534,49925,0.08166915386100003
0.8,0.2,0.4,0.2,1.0331293,49925,0.07019787206310378
0.4,0.1,0.2,0.1,1.0331293,49925,0.07019787206310378
0.2,0.1,0.6,0.5,1.0332158,49925,0.08263044301225307
0.1,0.3,0.9,0.3,1.0332989,49925,0.08375797083096377
0.9,0.2,0.7,0.6,1.0336554,49925,0.07535645242463869
0.6,0.2,0.7,0.5,1.0336782,49925,0.0785712175078837
0.7,0.3,0.8,0.4,1.0339187,49925,0.07813012104887918
0.9,0.5,0.8,0.1,1.0340647,49925,0.07521046425500644
0.7,0.3,0.7,0.3,1.034121,49925,0.0769702544882324
0.7,0.3,0.9,0.5,1.0344071,49925,0.07904172035840472
0.4,0.1,0.6,0.6,1.034431,49925,0.0798800400432438
0.7,0.3,0.6,0.2,1.0348938,49925,0.07543893805453442
0.5,0.5,0.9,0.1,1.0350873,49925,0.07970515616702338
0.3,0.1,0.8,0.8,1.0351149,49925,0.08199372366175131
0.2,0.4,0.8,0.1,1.035396,49925,0.0821938495442214
0.3,0.4,0.9,0.2,1.0356162,49925,0.08194048420729846
0.6,0.4,0.7,0.1,1.0361897,49925,0.0773577696879306
0.4,0.3,0.8,0.3,1.0364676,49925,0.08104121471357392
0.7,0.3,0.5,0.1,1.0365492,49925,0.07336757769262088
0.5,0.1,0.5,0.5,1.0366468,49925,0.07734953546518916
0.8,0.1,0.5,0.6,1.0375535,49925,0.0732760324826505
0.7,0.2,0.6,0.4,1.0376345,49925,0.07608895899199984
0.5,0.1,0.8,0.9,1.0378008,49925,0.07992908306934501
0.6,0.1,0.4,0.4,1.0380257,49925,0.07390454557505115
0.7,0.4,0.9,0.3,1.0380871,49925,0.07857156027686792
0.6,0.2,0.8,0.6,1.0381223,49925,0.07944144083815959
0.3,0.1,0.4,0.3,1.0381223,49925,0.07944144083815959
0.8,0.2,0.9,0.8,1.0381603,49925,0.0782946116921471
0.3,0.3,0.6,0.1,1.038308,49925,0.08036360125790076
0.7,0.1,0.6,0.7,1.0387449,49925,0.07603982260603974
0.8,0.2,0.5,0.3,1.0389167,49925,0.07287104040990892
0.6,0.1,0.7,0.8,1.0390507,49925,0.07823186257889064
0.4,0.2,0.7,0.4,1.0395623,49925,0.08079513336541111
0.9,0.2,0.8,0.7,1.0399066,49925,0.0764984276751222
0.4,0.2,0.6,0.3,1.0401335,49925,0.07989264660119927
0.2,0.1,0.7,0.6,1.0404793,49925,0.08283742354394583
0.7,0.4,0.8,0.2,1.0404809,49925,0.07752341083719583
0.9,0.1,0.7,0.9,1.0406699,49925,0.07512107976398244
0.1,0.2,0.6,0.2,1.0408951,49925,0.08341701200038956
0.9,0.2,0.4,0.2,1.0409126,49925,0.06876944316716199
0.8,0.3,0.7,0.3,1.0410434,49925,0.07582422118111799
0.4,0.3,0.7,0.2,1.0410875,49925,0.08014120429367275
0.8,0.1,0.3,0.3,1.0418725,49925,0.06746980512833127
0.3,0.1,0.9,0.9,1.0419446,49925,0.0822013451622398
0.6,0.2,0.9,0.7,1.0419476,49925,0.08008883642757851
0.6,0.5,0.9,0.1,1.0421382,49925,0.07877344075341067
0.8,0.3,0.5,0.1,1.0422924,49925,0.07195163573874087
0.7,0.4,0.7,0.1,1.0424559,49925,0.07621287744003935
0.4,0.1,0.7,0.7,1.0426366,49925,0.08055530205586343
0.4,0.4,0.9,0.2,1.0427566,49925,0.08097293943352311
0.4,0.2,0.5,0.2,1.0430591,49925,0.07851807223842776
0.8,0.3,0.6,0.2,1.0432537,49925,0.07419107234295792
0.7,0.2,0.7,0.5,1.0436199,49925,0.07739663641387527
0.8,0.3,0.8,0.4,1.0440134,49925,0.07707255807067037
0.4,0.2,0.8,0.5,1.0440867,49925,0.08141985785298968
0.3,0.4,0.8,0.1,1.0441376,49925,0.08118106834977716
0.8,0.3,0.9,0.5,1.0444467,49925,0.07809411539892072
0.1,0.3,0.8,0.2,1.0447768,49925,0.08334922654047697
0.5,0.3,0.9,0.4,1.0451669,49925,0.08068540764759062
0.9,0.2,0.9,0.8,1.0453429,49925,0.07740052835462814
0.8,0.4,0.9,0.3,1.0453862,49925,0.07765507522875524
0.2,0.1,0.8,0.7,1.0459032,49925,0.08293999045023438
0.1,0.1,0.5,0.3,1.0463492,49925,0.0835262886202271
0.4,0.2,0.9,0.6,1.0465411,49925,0.08184344096454534
0.3,0.1,0.5,0.4,1.0468276,49925,0.08057762019990837
0.2,0.3,0.9,0.3,1.0470762,49925,0.08302202027822712
0.9,0.3,0.5,0.1,1.0470928,49925,0.07066150038446024
0.4,0.2,0.4,0.1,1.0471063,49925,0.07649280995603408
0.8,0.4,0.8,0.2,1.0471063,49925,0.07649280995603408
0.2,0.2,0.9,0.5,1.0473864,49925,0.0833929548756705
0.7,0.5,0.9,0.1,1.0478356,49925,0.07786131062299965
0.5,0.3,0.8,0.3,1.0480543,49925,0.07990787751133953
0.9,0.1,0.5,0.6,1.0481845,49925,0.0720684253491802
0.1,0.1,0.4,0.2,1.0482072,49925,0.08319587529754045
0.2,0.2,0.8,0.4,1.0482072,49925,0.08319587529754045
0.5,0.1,0.2,0.1,1.0482291,49925,0.06744651197465297
0.4,0.3,0.6,0.1,1.0483402,49925,0.0789442411132475
0.7,0.2,0.8,0.6,1.0483592,49925,0.07838778202402216
0.4,0.1,0.3,0.2,1.0483872,49925,0.0748296550321797
0.8,0.2,0.6,0.4,1.0483872,49925,0.0748296550321797
0.9,0.2,0.5,0.3,1.0487614,49925,0.07155811975356825
0.5,0.1,0.6,0.6,1.0488316,49925,0.07855521673768952
0.9,0.3,0.7,0.3,1.0490574,49925,0.07473022430353857
0.6,0.1,0.8,0.9,1.0491159,49925,0.07897313629636506
0.8,0.1,0.6,0.7,1.049609,49925,0.07488410752493867
0.9,0.3,0.6,0.2,1.0497738,49925,0.07299104925141262
0.7,0.1,0.7,0.8,1.0498104,49925,0.07715700747914817
0.4,0.1,0.8,0.8,1.0500371,49925,0.08104658917300155
0.5,0.4,0.9,0.2,1.0501568,49925,0.08001888901805758
0.6,0.1,0.5,0.5,1.0502039,49925,0.07588139729339707
0.8,0.4,0.7,0.1,1.0505582,49925,0.07506814319132574
0.1,0.1,0.6,0.4,1.0507996,49925,0.08360091109236398
0.9,0.3,0.8,0.4,1.0511793,49925,0.07606499983066237
0.9,0.4,0.9,0.3,1.0511936,49925,0.07668859525490704
0.8,0.5,0.9,0.1,1.0513324,49925,0.07693323170514801
0.9,0.3,0.9,0.5,1.0514259,49925,0.07717184961296411
0.2,0.1,0.9,0.8,1.0515988,49925,0.08300881648791657
0.3,0.1,0.6,0.5,1.0517043,49925,0.08127141532607678
0.7,0.1,0.4,0.4,1.0519542,49925,0.07229071798079878
0.9,0.1,0.3,0.3,1.0524004,49925,0.06592722182868671
0.8,0.2,0.7,0.5,1.0524309,49925,0.0762810167895039
0.5,0.2,0.7,0.4,1.0524888,49925,0.07952913506807098
0.7,0.2,0.9,0.7,1.0524895,49925,0.07915688940140893
0.4,0.4,0.8,0.1,1.0528339,49925,0.08011116076175806
0.5,0.2,0.6,0.3,1.052932,49925,0.07843134537491185
0.2,0.2,0.7,0.3,1.0531563,49925,0.08275019400379341
0.6,0.3,0.9,0.4,1.0536431,49925,0.07968155074159793
0.1,0.1,0.7,0.5,1.0537173,49925,0.08358908076101565
0.5,0.2,0.5,0.2,1.054039,49925,0.0768385658550079
0.9,0.4,0.8,0.2,1.0540726,49925,0.07549567145473311
0.5,0.3,0.7,0.2,1.0542,49925,0.07890029163531992
0.5,0.2,0.8,0.5,1.055439,49925,0.08031349827525477
0.9,0.2,0.6,0.4,1.0555756,49925,0.07361175832973013
0.4,0.1,0.9,0.9,1.0559478,49925,0.08140225267965073
0.9,0.4,0.7,0.1,1.0562915,49925,0.07395510314262613
0.5,0.1,0.7,0.7,1.0566834,49925,0.07941610953742824
0.9,0.5,0.9,0.1,1.0568193,49925,0.07605976158433254
0.2,0.3,0.8,0.2,1.056988,49925,0.08251375811422451
0.8,0.2,0.8,0.6,1.0570577,49925,0.07736510432094071
0.4,0.1,0.4,0.3,1.0570577,49925,0.07736510432094071
0.3,0.1,0.7,0.6,1.0572374,49925,0.08172948207279027
0.1,0.1,0.8,0.6,1.057696,49925,0.08354744367682888
0.1,0.2,0.5,0.1,1.057937,49925,0.08266766780945692
0.5,0.2,0.9,0.6,1.058177,49925,0.08089720083108143
0.7,0.1,0.8,0.9,1.0582995,49925,0.07803507471874485
0.6,0.3,0.8,0.3,1.0585161,49925,0.07881732987377692
0.6,0.1,0.2,0.1,1.0586945,49925,0.06498356800940215
0.1,0.3,0.7,0.1,1.0587525,49925,0.08272464717079271
0.5,0.3,0.6,0.1,1.0589614,49925,0.0775252301197185
0.8,0.1,0.7,0.8,1.0589669,49925,0.0761325500534274
0.5,0.2,0.4,0.1,1.0595793,49925,0.07452003588847551
0.6,0.4,0.9,0.2,1.0596143,49925,0.0790390254544589
0.6,0.1,0.6,0.6,1.0596826,49925,0.07725532582854651
0.1,0.1,0.3,0.1,1.0597985,49925,0.08212257118859893
0.2,0.2,0.6,0.2,1.0597985,49925,0.08212257118859893
0.3,0.3,0.9,0.3,1.0597985,49925,0.08212257118859893
0.5,0.4,0.8,0.1,1.0601519,49925,0.07903303324103962
0.1,0.1,0.9,0.7,1.0605973,49925,0.08346474607124858
0.9,0.1,0.6,0.7,1.0606065,49925,0.07380092928536383
0.8,0.2,0.9,0.7,1.0608518,49925,0.07822629536418553
0.9,0.2,0.7,0.5,1.0620016,49925,0.07519432024370018
0.5,0.1,0.3,0.2,1.0622352,49925,0.07247401528366175
0.1,0.4,0.9,0.1,1.0622426,49925,0.08269131790105605
0.6,0.3,0.7,0.2,1.0631418,49925,0.07769859818002976
0.3,0.1,0.8,0.7,1.0632279,49925,0.08206242978484887
0.5,0.1,0.8,0.8,1.0632927,49925,0.08004497794664893
0.7,0.1,0.5,0.5,1.0634671,49925,0.07447014318449177
0.7,0.3,0.9,0.4,1.0636028,49925,0.0787220144597526
0.6,0.2,0.7,0.4,1.0639076,49925,0.078298826315842
0.4,0.1,0.5,0.4,1.0641744,49925,0.07892520968597254
0.8,0.1,0.4,0.4,1.064214,49925,0.07080026814697571
0.6,0.2,0.5,0.2,1.0644126,49925,0.07524628992968903
0.6,0.2,0.6,0.3,1.0646324,49925,0.07700908302554932
0.3,0.2,0.8,0.4,1.0647204,49925,0.08213657429328118
0.3,0.2,0.9,0.5,1.0649881,49925,0.08252774509903218
0.6,0.4,0.8,0.1,1.0655963,49925,0.07800381208174378
0.9,0.2,0.8,0.6,1.0658094,49925,0.07638579122232428
0.6,0.2,0.8,0.5,1.0661248,49925,0.07921528569283576
0.3,0.3,0.8,0.2,1.0661958,49925,0.0814768495041157
0.7,0.3,0.8,0.3,1.0666425,49925,0.07774577936111587
0.6,0.3,0.6,0.1,1.0669107,49925,0.07615115552914753
0.3,0.2,0.7,0.3,1.0672705,49925,0.08155293971533335
0.1,0.2,0.9,0.4,1.0673627,49925,0.08354677301937698
0.3,0.1,0.9,0.8,1.0674919,49925,0.0822742314541686
0.8,0.1,0.8,0.9,1.0676461,49925,0.07708481060641678
0.6,0.2,0.4,0.1,1.0677898,49925,0.07269806591784242
0.7,0.4,0.9,0.2,1.0678035,49925,0.0781011618261924
0.6,0.2,0.9,0.6,1.0678389,49925,0.07993326713454935
0.9,0.1,0.7,0.8,1.0684872,49925,0.0751427694900639
0.4,0.3,0.9,0.3,1.0685085,49925,0.08114956046398389
0.7,0.1,0.2,0.1,1.0692775,49925,0.06282631850536488
0.2,0.4,0.9,0.1,1.0695405,49925,0.08205487049802968
0.7,0.3,0.7,0.2,1.0696325,49925,0.07648615376798285
0.5,0.1,0.9,0.9,1.0696919,49925,0.08052910257044102
0.9,0.2,0.9,0.7,1.069838,49925,0.07732000505005387
0.6,0.1,0.7,0.7,1.069973,49925,0.0782869976159578
0.4,0.1,0.6,0.5,1.0699885,49925,0.07991536663108188
0.8,0.3,0.9,0.4,1.0706844,49925,0.07777287203518969
0.7,0.1,0.6,0.6,1.0709105,49925,0.0760189512271713
0.2,0.3,0.7,0.1,1.07123,49925,0.08174456139134431
0.2,0.2,0.5,0.1,1.0723132,49925,0.0810577481094793
0.9,0.1,0.4,0.4,1.0724066,49925,0.06940853729323225
0.7,0.4,0.8,0.1,1.0724939,49925,0.07695950208251695
0.3,0.2,0.6,0.2,1.0727553,49925,0.0806757063257688
0.8,0.3,0.8,0.3,1.0729687,49925,0.07669789032521881
0.4,0.1,0.7,0.6,1.0735005,49925,0.08057500769895946
0.8,0.1,0.5,0.5,1.0738053,49925,0.0731386784721321
0.8,0.1,0.2,0.1,1.0738666,49925,0.06093798558641621
0.7,0.2,0.7,0.4,1.0741519,49925,0.0771157243834686
0.5,0.1,0.4,0.3,1.0742214,49925,0.07544614312895065
0.7,0.2,0.6,0.3,1.074232,49925,0.07566673720668599
0.7,0.2,0.8,0.5,1.0744628,49925,0.07814588647283179
0.7,0.2,0.5,0.2,1.0746766,49925,0.07375090384564853
0.8,0.4,0.9,0.2,1.0747693,49925,0.0771694550444883
0.6,0.1,0.8,0.8,1.0748363,49925,0.07907182813406911
0.7,0.3,0.6,0.1,1.0748817,49925,0.07484106262409965
0.6,0.1,0.3,0.2,1.0751588,49925,0.07036766832888218
0.1,0.2,0.8,0.3,1.0751998,49925,0.08327933724450368
0.7,0.2,0.4,0.1,1.0753251,49925,0.07101985711931386
0.7,0.2,0.9,0.6,1.0757384,49925,0.0789861244434446
0.2,0.1,0.6,0.4,1.0758841,49925,0.08245133414946923
0.4,0.3,0.8,0.2,1.0762479,49925,0.08036049923073309
0.2,0.1,0.5,0.3,1.0762969,49925,0.08196085322185122
0.9,0.1,0.8,0.9,1.0766219,49925,0.0761864260938949
0.8,0.3,0.7,0.2,1.0767382,49925,0.07535002209229928
0.9,0.3,0.9,0.4,1.076931,49925,0.07685640019349332
0.4,0.2,0.8,0.4,1.0775061,49925,0.08105070061141649
0.2,0.1,0.4,0.2,1.0775061,49925,0.08105070061141649
0.3,0.4,0.9,0.1,1.0775989,49925,0.08119343982394132
0.5,0.3,0.9,0.3,1.0776087,49925,0.0801993516249813
0.7,0.1,0.7,0.7,1.0776969,49925,0.07716694928635065
0.8,0.4,0.8,0.1,1.078218,49925,0.07595244376565013
0.4,0.2,0.9,0.5,1.0782919,49925,0.08157927286363842
0.6,0.1,0.9,0.9,1.0785986,49925,0.07965640662163785
0.5,0.1,0.5,0.4,1.0786127,49925,0.07727652953776845
0.9,0.1,0.2,0.1,1.0787519,49925,0.05922593036199953
0.4,0.2,0.7,0.3,1.0789037,49925,0.0802941782121488
0.2,0.1,0.7,0.5,1.0789828,49925,0.08271194744013836
0.4,0.1,0.8,0.7,1.0791417,49925,0.08105765405003916
0.3,0.3,0.7,0.1,1.0791628,49925,0.08055880611096702
0.9,0.3,0.8,0.3,1.0792005,49925,0.0756812502899027
0.2,0.1,0.8,0.6,1.0799302,49925,0.08283991063730943
0.2,0.1,0.9,0.7,1.0799997,49925,0.08291437968946407
0.9,0.4,0.9,0.2,1.0800035,49925,0.0762559945690225
0.8,0.3,0.6,0.1,1.0806857,49925,0.07356586483580517
0.1,0.3,0.9,0.2,1.0809786,49925,0.08285826685485417
0.8,0.2,0.4,0.1,1.0816432,49925,0.06944322635131478
0.4,0.1,0.9,0.8,1.0820885,49925,0.08143267188857452
0.9,0.4,0.8,0.1,1.0821389,49925,0.07497189081740409
0.8,0.1,0.6,0.6,1.082426,49925,0.07483888865092664
0.8,0.2,0.5,0.2,1.0825202,49925,0.0723256931055889
0.8,0.2,0.6,0.3,1.0828198,49925,0.07438868038222006
0.9,0.3,0.7,0.2,1.0829184,49925,0.07424457678516912
0.8,0.2,0.8,0.5,1.0829794,49925,0.07713684621480439
0.9,0.1,0.5,0.5,1.0835465,49925,0.0718688531254463
0.4,0.4,0.9,0.1,1.083636,49925,0.08028338836617463
0.8,0.2,0.9,0.6,1.0837063,49925,0.07804663100932897
0.5,0.1,0.6,0.5,1.083795,49925,0.07852826802710543
0.7,0.1,0.3,0.2,1.0842426,49925,0.06843413613715868
0.8,0.2,0.7,0.4,1.0842527,49925,0.0759593809963529
0.7,0.1,0.8,0.8,1.0850371,49925,0.07806990606016152
0.5,0.3,0.8,0.2,1.0855058,49925,0.07927367494931772
0.3,0.2,0.5,0.1,1.0862907,49925,0.07931554500951603
0.5,0.2,0.9,0.5,1.0863943,49925,0.08061943019201062
0.6,0.1,0.4,0.3,1.0866001,49925,0.07361044436271717
0.4,0.2,0.6,0.2,1.0867833,49925,0.07922013875069729
0.6,0.3,0.9,0.3,1.0867833,49925,0.0792201387506973
0.2,0.1,0.3,0.1,1.0867833,49925,0.07922013875069729
0.9,0.3,0.6,0.1,1.0868752,49925,0.07236322189971128
0.5,0.1,0.7,0.6,1.0869203,49925,0.079425255231368
0.8,0.1,0.7,0.7,1.0874528,49925,0.0761101864384284
0.2,0.2,0.9,0.4,1.0875252,49925,0.08287180117752237
0.4,0.3,0.7,0.1,1.0878689,49925,0.07933602783146432
0.5,0.2,0.8,0.4,1.0881665,49925,0.07993999500798626
0.9,0.2,0.4,0.1,1.0883733,49925,0.06797531157038217
0.5,0.1,0.8,0.7,1.0895764,49925,0.08004691069460314
0.7,0.1,0.9,0.9,1.0897322,49925,0.07877688148467285
0.5,0.4,0.9,0.1,1.0898778,49925,0.07933822286045672
0.9,0.2,0.5,0.2,1.0901017,49925,0.0710048728078472
0.1,0.2,0.7,0.2,1.0901722,49925,0.08284290003346857
0.9,0.2,0.6,0.3,1.0903049,49925,0.0731864195903864
0.5,0.2,0.7,0.3,1.0911508,49925,0.0790456416659538
0.9,0.2,0.9,0.6,1.0914042,49925,0.07713883714621808
0.9,0.1,0.6,0.6,1.0915376,49925,0.07368995806052936
0.6,0.1,0.5,0.4,1.0917958,49925,0.07574293749083322
0.9,0.2,0.7,0.4,1.0919341,49925,0.07485185301988177
0.9,0.2,0.8,0.5,1.0921394,49925,0.0761433965017295
0.2,0.3,0.9,0.2,1.0930264,49925,0.08225274229871456
0.6,0.3,0.8,0.2,1.0933068,49925,0.07822347078245624
0.5,0.1,0.9,0.8,1.0935646,49925,0.08052549579334621
0.8,0.1,0.8,0.8,1.093825,49925,0.07708568009112707
0.2,0.2,0.8,0.3,1.0942068,49925,0.0825050416206452
0.8,0.1,0.3,0.2,1.094268,49925,0.06668696481409944
0.1,0.1,0.9,0.6,1.0947858,49925,0.08315076055382559
0.3,0.1,0.5,0.3,1.095345,49925,0.08024070177682492
0.6,0.2,0.9,0.5,1.0953747,49925,0.07964521538126827
0.7,0.3,0.9,0.3,1.0954354,49925,0.07823804437913326
0.3,0.1,0.8,0.6,1.0957353,49925,0.08195644334222243
0.5,0.3,0.7,0.1,1.0957886,49925,0.07812258961800418
0.6,0.1,0.6,0.5,1.0958297,49925,0.07716647546832565
0.6,0.4,0.9,0.1,1.0960444,49925,0.07838837332510802
0.3,0.1,0.6,0.4,1.0967189,49925,0.08107573130624333
0.3,0.1,0.7,0.5,1.096788,49925,0.08161385008195852
0.1,0.1,0.8,0.5,1.097486,49925,0.08313117215621389
0.4,0.2,0.5,0.1,1.0976229,49925,0.07762976503359512
0.9,0.1,0.7,0.7,1.097699,49925,0.07507416079511625
0.3,0.1,0.9,0.7,1.0978334,49925,0.08218961393880946
0.7,0.1,0.4,0.3,1.0978551,49925,0.07192131175702998
0.8,0.1,0.9,0.9,1.0979669,49925,0.07788923237553788
0.6,0.2,0.8,0.4,1.0984708,49925,0.07885728988127216
0.3,0.1,0.4,0.2,1.0984708,49925,0.07885728988127216
0.5,0.2,0.6,0.2,1.098854,49925,0.0777491078296304
0.6,0.1,0.7,0.6,1.0992917,49925,0.07823738101131515
0.1,0.1,0.7,0.4,1.0994914,49925,0.0831087037010785
0.1,0.3,0.8,0.1,1.0996544,49925,0.08219619889825777
0.7,0.4,0.9,0.1,1.0998137,49925,0.07748030016324649
0.6,0.2,0.7,0.3,1.1007886,49925,0.07780437129299066
0.7,0.3,0.8,0.2,1.1012075,49925,0.07716173519213125
0.7,0.1,0.5,0.4,1.1013577,49925,0.074260157534332
0.9,0.1,0.8,0.8,1.1013993,49925,0.07614301474305134
0.8,0.3,0.9,0.3,1.1023686,49925,0.07728805394298362
0.6,0.3,0.7,0.1,1.1023788,49925,0.07695297132793717
0.6,0.1,0.8,0.7,1.102411,49925,0.07904362036770136
0.3,0.2,0.9,0.4,1.1024958,49925,0.08204813536362587
0.7,0.2,0.9,0.5,1.1027492,49925,0.07869510621412423
0.9,0.1,0.3,0.2,1.1028419,49925,0.06510323259303903
0.6,0.1,0.9,0.8,1.1033192,49925,0.07963744913924789
0.3,0.3,0.9,0.2,1.1040602,49925,0.08139633473758874
0.9,0.1,0.9,0.9,1.1050061,49925,0.077042454562476
0.8,0.4,0.9,0.1,1.1051348,49925,0.07655957358190262
0.7,0.2,0.8,0.4,1.105932,49925,0.07781062579315129
0.8,0.3,0.8,0.2,1.1059968,49925,0.07611077101398911
0.7,0.1,0.6,0.5,1.1063035,49925,0.07590852423107441
0.2,0.2,0.7,0.2,1.1067506,49925,0.08190390227242958
0.1,0.1,0.6,0.3,1.1069006,49925,0.08294571035193588
0.3,0.1,0.3,0.1,1.1072869,49925,0.07634714214149627
0.6,0.2,0.6,0.2,1.1072869,49925,0.07634714214149627
0.9,0.3,0.9,0.3,1.1072869,49925,0.07634714214149627
0.5,0.2,0.5,0.1,1.1073867,49925,0.07594593647197356
0.8,0.1,0.4,0.3,1.1079911,49925,0.07033823407188154
0.7,0.3,0.7,0.1,1.1084822,49925,0.07579162632701952
0.3,0.2,0.8,0.3,1.1085392,49925,0.08148784330342593
0.7,0.2,0.7,0.3,1.1089312,49925,0.07660699554505916
0.9,0.4,0.9,0.1,1.109001,49925,0.07569644334174412
0.4,0.1,0.9,0.7,1.1099775,49925,0.08133837903756844
0.4,0.3,0.9,0.2,1.1104435,49925,0.08044038763598774
0.2,0.3,0.8,0.1,1.1108103,49925,0.08153645675087821
0.4,0.1,0.5,0.3,1.1108279,49925,0.07854627886722337
0.4,0.1,0.8,0.6,1.1108395,49925,0.08094586874054065
0.8,0.2,0.9,0.5,1.1109967,49925,0.07776747978551705
0.4,0.1,0.7,0.5,1.1112604,49925,0.08043211179793401
0.8,0.1,0.5,0.4,1.111382,49925,0.07287136840521358
0.7,0.1,0.7,0.6,1.111431,49925,0.07708601746405211
0.7,0.1,0.8,0.7,1.1115599,49925,0.0779936265611165
0.9,0.3,0.8,0.2,1.1116347,49925,0.07511302317683573
0.4,0.2,0.9,0.4,1.1118612,49925,0.08109421257144109
0.4,0.1,0.6,0.4,1.11229,49925,0.07967691225468794
0.7,0.1,0.9,0.8,1.1129252,49925,0.07874659078711581
0.8,0.2,0.8,0.4,1.1132828,49925,0.07676029217992666
0.4,0.1,0.4,0.2,1.1132828,49925,0.07676029217992666
0.1,0.2,0.6,0.1,1.1133516,49925,0.08206547433399913
0.8,0.3,0.7,0.1,1.1137254,49925,0.07465349231115433
0.7,0.2,0.6,0.2,1.1141181,49925,0.0750276306511853
0.9,0.1,0.4,0.3,1.1143461,49925,0.06889440945093828
0.8,0.1,0.6,0.5,1.115678,49925,0.07467932991687688
0.2,0.1,0.9,0.6,1.1161464,49925,0.08265235472481343
0.1,0.2,0.9,0.3,1.1161901,49925,0.08267296904932911
0.6,0.2,0.5,0.1,1.1165758,49925,0.0743933672901242
0.8,0.2,0.7,0.3,1.1169744,49925,0.07546069870838604
0.9,0.2,0.9,0.5,1.1170269,49925,0.07681980032018373
0.5,0.3,0.9,0.2,1.117418,49925,0.07945546429721917
0.3,0.3,0.8,0.1,1.117697,49925,0.08057438772573373
0.9,0.3,0.7,0.1,1.1187485,49925,0.07357092387266966
0.3,0.2,0.7,0.2,1.118887,49925,0.08070290982497468
0.8,0.1,0.7,0.6,1.1190939,49925,0.07601195827396902
0.4,0.2,0.8,0.3,1.1192884,49925,0.08040565183638859
0.9,0.2,0.8,0.4,1.1194183,49925,0.07575066741930861
0.1,0.1,0.5,0.2,1.1198665,49925,0.08250054418708445
0.2,0.1,0.8,0.5,1.12076,49925,0.082527845659741
0.5,0.2,0.9,0.4,1.121148,49925,0.08014128790759183
0.9,0.1,0.5,0.4,1.1212832,49925,0.07156787815276235
0.5,0.1,0.9,0.7,1.1213633,49925,0.08042436389485193
0.8,0.1,0.8,0.7,1.1215044,49925,0.07700858979912079
0.4,0.1,0.3,0.1,1.1217525,49925,0.073760354544686
0.8,0.2,0.6,0.2,1.1217525,49925,0.073760354544686
0.8,0.1,0.9,0.8,1.1221945,49925,0.07782654140302092
0.5,0.1,0.6,0.4,1.1229748,49925,0.07827178494715818
0.9,0.1,0.6,0.5,1.1232882,49925,0.07348726490866202
0.5,0.1,0.5,0.3,1.1233404,49925,0.07686593234101095
0.5,0.1,0.8,0.6,1.1235677,49925,0.07991913187085006
0.9,0.2,0.7,0.3,1.1236813,49925,0.07432570154036221
0.7,0.2,0.5,0.1,1.1238322,49925,0.0728880024646388
0.5,0.1,0.7,0.5,1.1241128,49925,0.07924627516431118
0.4,0.3,0.8,0.1,1.1246579,49925,0.07952917302363201
0.2,0.1,0.7,0.4,1.1248484,49925,0.08226952486925117
0.5,0.1,0.4,0.2,1.1260122,49925,0.07475000636468594
0.6,0.3,0.9,0.2,1.1261525,49925,0.0785084370823453
0.9,0.1,0.7,0.6,1.1261691,49925,0.07495235029008748
0.2,0.2,0.6,0.1,1.1269243,49925,0.08091819948897687
0.5,0.2,0.8,0.3,1.1274441,49925,0.07931177842414418
0.6,0.2,0.9,0.4,1.1286415,49925,0.07916715211098371
0.9,0.2,0.6,0.2,1.1289884,49925,0.07254380506892864
0.4,0.2,0.7,0.2,1.1293527,49925,0.07942438211434419
0.9,0.1,0.9,0.8,1.1295685,49925,0.07694282921559982
0.8,0.2,0.5,0.1,1.1297982,49925,0.0714725316755956
0.3,0.1,0.9,0.6,1.1298053,49925,0.0819731923048325
0.9,0.1,0.8,0.7,1.1299257,49925,0.07606432653916197
0.7,0.3,0.9,0.2,1.1305246,49925,0.07755828245624799
0.2,0.1,0.6,0.3,1.1313161,49925,0.08184146294666182
0.6,0.1,0.6,0.4,1.1315324,49925,0.07688724652239265
0.5,0.3,0.8,0.1,1.1318386,49925,0.07843530442119184
0.6,0.1,0.9,0.7,1.1318974,49925,0.07952312585468521
0.2,0.2,0.9,0.3,1.1321993,49925,0.08209390767257198
0.1,0.2,0.8,0.2,1.1322399,49925,0.08215373983795021
0.6,0.1,0.8,0.6,1.132864,49925,0.07888665259752506
0.6,0.1,0.7,0.5,1.1329622,49925,0.07803578129681961
0.6,0.1,0.5,0.3,1.1333326,49925,0.07529083451866317
0.5,0.1,0.3,0.1,1.1335016,49925,0.07140181644388338
0.9,0.2,0.5,0.1,1.133781,49925,0.07018079683405462
0.3,0.1,0.8,0.5,1.135307,49925,0.08164609846697392
0.8,0.3,0.9,0.2,1.1356406,49925,0.07663066525729885
0.6,0.1,0.4,0.2,1.1357763,49925,0.07288947615909287
0.6,0.2,0.8,0.3,1.1358043,49925,0.07826140344665088
0.7,0.2,0.9,0.4,1.1365683,49925,0.07820578473378202
0.3,0.2,0.6,0.1,1.1371548,49925,0.07952833778773799
0.6,0.3,0.8,0.1,1.1371725,49925,0.07736765789587481
0.1,0.3,0.9,0.1,1.1373632,49925,0.08160915691206815
0.5,0.2,0.7,0.2,1.1378856,49925,0.07819819081346803
0.1,0.1,0.9,0.5,1.1387808,49925,0.08261127841184242
0.9,0.3,0.9,0.2,1.1400261,49925,0.07573070059097937
0.7,0.1,0.9,0.7,1.1403654,49925,0.07861707823950415
0.3,0.1,0.7,0.4,1.1408863,49925,0.08117467814843841
0.7,0.1,0.7,0.5,1.1410571,49925,0.07686778577894852
0.7,0.1,0.6,0.4,1.141205,49925,0.07558333744914658
0.7,0.1,0.8,0.6,1.1412315,49925,0.07785294269688281
0.7,0.3,0.8,0.1,1.1417165,49925,0.07637745101126907
0.7,0.2,0.8,0.3,1.1418728,49925,0.07719053083773482
0.6,0.1,0.3,0.1,1.1419219,49925,0.06927071617939565
0.8,0.2,0.9,0.4,1.1421326,49925,0.0772703566372576
0.7,0.1,0.5,0.3,1.1426109,49925,0.07377301378912686
0.4,0.1,0.9,0.6,1.1443301,49925,0.08110220121869276
0.6,0.2,0.7,0.2,1.1447208,49925,0.07701215637720246
0.3,0.2,0.9,0.3,1.1449827,49925,0.08129255395887938
0.8,0.3,0.8,0.1,1.1454246,49925,0.07536280340848425
0.7,0.1,0.4,0.2,1.1458262,49925,0.07117110308145644
0.2,0.3,0.9,0.1,1.1464398,49925,0.08116441335056467
0.1,0.1,0.8,0.4,1.1465539,49925,0.08247161360123889
0.2,0.1,0.5,0.2,1.1466001,49925,0.08100302445607856
0.9,0.2,0.9,0.4,1.1470832,49925,0.07634775272424021
0.9,0.3,0.8,0.1,1.1472161,49925,0.07440739582074617
0.8,0.2,0.8,0.3,1.1473371,49925,0.07615208349148284
0.4,0.2,0.6,0.1,1.14757,49925,0.0780836139746532
0.8,0.1,0.9,0.7,1.1486654,49925,0.07769883595441204
0.4,0.1,0.8,0.5,1.1490452,49925,0.08063942257641289
0.3,0.1,0.6,0.3,1.149317,49925,0.08046068963872531
0.8,0.1,0.8,0.6,1.1498806,49925,0.07683528881906046
0.8,0.1,0.7,0.5,1.150029,49925,0.07575263688827162
0.7,0.1,0.3,0.1,1.1503857,49925,0.06732990024957507
0.7,0.2,0.7,0.2,1.1506033,49925,0.07582443605315208
0.2,0.2,0.8,0.2,1.1506315,49925,0.08147305392941416
0.1,0.1,0.4,0.1,1.1506315,49925,0.08147305392941416
0.8,0.1,0.6,0.4,1.1512352,49925,0.07433342397984319
0.8,0.1,0.5,0.3,1.1524563,49925,0.07233919330892682
0.4,0.1,0.7,0.4,1.152752,49925,0.07998130003996255
0.3,0.3,0.9,0.1,1.1528008,49925,0.0804337235100149
0.5,0.2,0.6,0.1,1.1534091,49925,0.07671472873746656
0.9,0.2,0.8,0.3,1.1534293,49925,0.07515314412097446
0.8,0.1,0.4,0.2,1.1547936,49925,0.06957990259451462
0.8,0.2,0.7,0.2,1.155107,49925,0.0747210773233475
0.4,0.2,0.9,0.3,1.15515,49925,0.08036297355970753
0.9,0.1,0.9,0.7,1.1562451,49925,0.07679742018868183
0.5,0.1,0.9,0.6,1.1566882,49925,0.08018193141750747
0.9,0.1,0.8,0.6,1.1567886,49925,0.07584845867686657
0.2,0.1,0.9,0.5,1.1568778,49925,0.08218264409468498
0.8,0.1,0.3,0.1,1.1570618,49925,0.06555282105328808
0.9,0.1,0.6,0.4,1.1577604,49925,0.07309175023822657
0.4,0.3,0.9,0.1,1.1580333,49925,0.07953046723993208
0.5,0.1,0.8,0.5,1.1587185,49925,0.07960239255048392
0.9,0.1,0.7,0.5,1.1588326,49925,0.07468228033689683
0.6,0.2,0.6,0.1,1.1589206,49925,0.07535078552001259
0.9,0.1,0.5,0.3,1.1595625,49925,0.07101094078922467
0.9,0.2,0.7,0.2,1.1597134,49925,0.0736276129045768
0.4,0.1,0.6,0.3,1.1597738,49925,0.07900695571975948
0.5,0.2,0.9,0.3,1.1602606,49925,0.07940891496000603
0.1,0.1,0.7,0.3,1.1603837,49925,0.08221778855411735
0.3,0.1,0.5,0.2,1.1605492,49925,0.07928054619610628
0.9,0.1,0.4,0.2,1.1608732,49925,0.06811222334607926
0.7,0.2,0.6,0.1,1.161248,49925,0.07408782182287783
0.5,0.1,0.7,0.4,1.1614587,49925,0.07879096808823068
0.1,0.2,0.7,0.1,1.1616162,49925,0.08130633496295613
0.3,0.2,0.8,0.2,1.1619686,49925,0.08053957858911907
0.9,0.1,0.3,0.1,1.1626251,49925,0.06391410401383768
0.6,0.1,0.9,0.6,1.1636727,49925,0.07928031987199288
0.5,0.3,0.9,0.1,1.1647902,49925,0.0785814291772238
0.8,0.2,0.6,0.1,1.1652023,49925,0.07284259489167504
0.6,0.1,0.8,0.5,1.167244,49925,0.07855568131827
0.2,0.1,0.8,0.4,1.167482,49925,0.0819272440877392
0.6,0.2,0.9,0.3,1.1682692,49925,0.07845376006101659
0.5,0.1,0.6,0.3,1.1689285,49925,0.07763777187572166
0.9,0.2,0.6,0.1,1.1702433,49925,0.07166797933439716
0.6,0.1,0.7,0.4,1.1702694,49925,0.07758687294176209
0.6,0.3,0.9,0.1,1.1706159,49925,0.07765737977271947
0.4,0.1,0.5,0.2,1.1706563,49925,0.07756880220932867
0.7,0.1,0.9,0.6,1.1711891,49925,0.07835592212875936
0.4,0.2,0.8,0.2,1.1715901,49925,0.07950891015217135
0.2,0.1,0.4,0.1,1.1715901,49925,0.07950891015217135
0.7,0.2,0.9,0.3,1.1719695,49925,0.07752951599650042
0.7,0.3,0.9,0.1,1.1726019,49925,0.07673422017539382
0.3,0.1,0.9,0.5,1.1727874,49925,0.08147958639573269
0.1,0.2,0.9,0.2,1.1728342,49925,0.0814046885109533
0.2,0.2,0.7,0.1,1.1743935,49925,0.08058272874928987
0.8,0.3,0.9,0.1,1.1744666,49925,0.07582713811070017
0.6,0.1,0.6,0.3,1.175314,49925,0.07626356236814155
0.7,0.1,0.8,0.5,1.1755883,49925,0.07752457489659863
0.5,0.2,0.8,0.2,1.17598,49925,0.07841350454032925
0.9,0.3,0.9,0.1,1.176789,49925,0.07496042985688815
0.5,0.1,0.5,0.2,1.1773318,49925,0.07593628430555215
0.7,0.1,0.7,0.4,1.1775397,49925,0.0764225704200809
0.8,0.2,0.9,0.3,1.177644,49925,0.07659488532941648
0.8,0.1,0.9,0.6,1.1779943,49925,0.07744003170130158
0.6,0.2,0.8,0.2,1.1797271,49925,0.07736133239523746
0.3,0.1,0.4,0.1,1.1797271,49925,0.07736133239523746
0.8,0.1,0.8,0.5,1.1808854,49925,0.07649662647313536
0.9,0.2,0.9,0.3,1.1815416,49925,0.07569033149288466
0.4,0.1,0.9,0.5,1.1816998,49925,0.0806375656671157
0.2,0.1,0.7,0.3,1.1820526,49925,0.08143800153305188
0.3,0.2,0.7,0.1,1.1820818,49925,0.07949837061002313
0.3,0.1,0.8,0.4,1.1823949,49925,0.08102509905320551
0.1,0.1,0.6,0.2,1.1831614,49925,0.08162311875620354
0.7,0.2,0.8,0.2,1.1833503,49925,0.07632944856509258
0.9,0.1,0.9,0.6,1.1834309,49925,0.07653602282963408
0.7,0.1,0.6,0.3,1.1836464,49925,0.07493539043419548
0.6,0.1,0.5,0.2,1.184385,49925,0.0743606282785935
0.8,0.1,0.7,0.4,1.1845998,49925,0.07529564706096557
0.1,0.1,0.9,0.4,1.1865592,49925,0.0817595470834958
0.8,0.2,0.8,0.2,1.1869575,49925,0.07533011011889744
0.4,0.1,0.4,0.1,1.1869575,49925,0.07533011011889744
0.9,0.1,0.8,0.5,1.1871092,49925,0.07549297772015662
0.2,0.2,0.9,0.2,1.1889085,49925,0.08099949742773697
0.9,0.2,0.8,0.2,1.1896197,49925,0.07437376787184401
0.9,0.1,0.7,0.4,1.1897392,49925,0.0742019067716181
0.4,0.2,0.7,0.1,1.19017,49925,0.07832167687320067
0.5,0.1,0.9,0.5,1.1902865,49925,0.07974159892309904
0.8,0.1,0.6,0.3,1.1906272,49925,0.07366847602278438
0.4,0.1,0.8,0.4,1.1922085,49925,0.0800311846108646
0.7,0.1,0.5,0.2,1.1928229,49925,0.07286233383902403
0.5,0.1,0.4,0.1,1.1928529,49925,0.0734257105109106
0.5,0.2,0.7,0.1,1.1948109,49925,0.07712339794431362
0.9,0.1,0.6,0.3,1.1956025,49925,0.07244926304326227
0.3,0.1,0.7,0.3,1.1959183,49925,0.08030859525184221
0.8,0.1,0.5,0.2,1.1976645,49925,0.0714532230114676
0.6,0.1,0.9,0.5,1.1979432,49925,0.07879304527392605
0.6,0.2,0.7,0.1,1.1988128,49925,0.07590638062108784
0.5,0.1,0.8,0.4,1.1989248,49925,0.0789872529635446
0.3,0.2,0.9,0.2,1.1991346,49925,0.08028261616158977
0.7,0.2,0.7,0.1,1.1992127,49925,0.07479840369134613
0.6,0.1,0.4,0.1,1.1996206,49925,0.0716154599719515
0.8,0.2,0.7,0.1,1.2006948,49925,0.07372194761993853
0.9,0.1,0.5,0.2,1.2020969,49925,0.07014268602949708
0.9,0.2,0.7,0.1,1.2022702,49925,0.07268675006637412
0.2,0.1,0.6,0.2,1.2026474,49925,0.08062108086992452
0.6,0.1,0.8,0.4,1.2034318,49925,0.07792677003479095
0.7,0.1,0.4,0.1,1.2042601,49925,0.06995558350020123
0.1,0.2,0.8,0.1,1.2042668,49925,0.08055768316452941
0.7,0.1,0.9,0.5,1.2047904,49925,0.07788045265258962
0.4,0.1,0.7,0.3,1.2055305,49925,0.07912820283642807
0.4,0.2,0.9,0.2,1.2061902,49925,0.07942638700710122
0.1,0.1,0.8,0.3,1.207027,49925,0.08138219475571119
0.8,0.1,0.9,0.5,1.2075435,49925,0.0769659566834231
0.2,0.1,0.9,0.4,1.2083486,49925,0.08145221100627216
0.8,0.1,0.4,0.1,1.2093627,49925,0.06840458886369293
0.7,0.1,0.8,0.4,1.2094507,49925,0.0769061066214571
0.5,0.1,0.7,0.3,1.2104751,49925,0.07795525012770875
0.5,0.2,0.9,0.2,1.2107702,49925,0.07848780488699651
0.9,0.1,0.9,0.5,1.2119474,49925,0.07605909855269033
0.6,0.1,0.7,0.3,1.2122513,49925,0.07679326408355622
0.9,0.1,0.4,0.1,1.2122931,49925,0.06697440522651499
0.8,0.1,0.8,0.4,1.2134138,49925,0.07588264357584538
0.3,0.1,0.6,0.2,1.2149205,49925,0.0792697176443707
0.2,0.2,0.8,0.1,1.2153982,49925,0.08013108965585372
0.6,0.2,0.9,0.2,1.2154931,49925,0.07756364031388391
0.7,0.2,0.9,0.2,1.2163234,49925,0.07664807955392734
0.7,0.1,0.7,0.3,1.2172087,49925,0.07564106942508297
0.8,0.2,0.9,0.2,1.2178947,49925,0.07571683211574275
0.9,0.2,0.9,0.2,1.2193289,49925,0.07483392913223849
0.9,0.1,0.8,0.4,1.2198998,49925,0.07489667682662898
0.3,0.1,0.9,0.4,1.2210963,49925,0.0807493065972656
0.4,0.1,0.6,0.2,1.2223048,49925,0.07788378981453652
0.8,0.1,0.7,0.3,1.2223581,49925,0.07453293398592652
0.3,0.2,0.8,0.1,1.222579,49925,0.07926914708915722
0.1,0.1,0.5,0.1,1.2228495,49925,0.08052365595867846
0.5,0.1,0.6,0.2,1.226949,49925,0.07650664410052167
0.9,0.1,0.7,0.3,1.2272422,49925,0.073436367287705
0.2,0.1,0.8,0.3,1.2276261,49925,0.08092634366373276
0.6,0.1,0.6,0.2,1.2284387,49925,0.07518831364391533
0.4,0.2,0.8,0.1,1.2284795,49925,0.07832061563338413
0.4,0.1,0.9,0.4,1.2294127,49925,0.0798664944205201
0.7,0.1,0.6,0.2,1.2311105,49925,0.07392185460970889
0.5,0.2,0.8,0.1,1.2324418,49925,0.07729873962207097
0.8,0.1,0.6,0.2,1.2339675,49925,0.07265704966751979
0.7,0.2,0.8,0.1,1.2342833,49925,0.07525684086034808
0.9,0.2,0.8,0.1,1.234285,49925,0.07334313757209904
0.6,0.2,0.8,0.1,1.2347822,49925,0.07625657208859404
0.8,0.2,0.8,0.1,1.2349173,49925,0.07429094562695483
0.5,0.1,0.9,0.4,1.2363005,49925,0.07899467376592924
0.1,0.1,0.7,0.2,1.2365221,49925,0.08067779762240157
0.9,0.1,0.6,0.2,1.2368937,49925,0.07147285997724637
0.2,0.1,0.5,0.1,1.2377622,49925,0.07921726050023592
0.3,0.1,0.8,0.3,1.2382784,49925,0.08005347613136286
0.6,0.1,0.9,0.4,1.2405968,49925,0.07806567040199142
0.1,0.2,0.9,0.1,1.2420411,49925,0.07974439266606025
0.7,0.1,0.9,0.4,1.2423222,49925,0.0771508017239698
0.3,0.1,0.5,0.1,1.2451496,49925,0.07763094798645272
0.8,0.1,0.9,0.4,1.2455152,49925,0.07625927914837528
0.4,0.1,0.8,0.3,1.2468919,49925,0.07906157605361705
0.5,0.1,0.5,0.1,1.24786,49925,0.07437872288410122
0.9,0.1,0.9,0.4,1.2480336,49925,0.07537792586448805
0.4,0.1,0.5,0.1,1.2480865,49925,0.07598350764537311
0.1,0.1,0.9,0.3,1.2484348,49925,0.08051688751755208
0.6,0.1,0.5,0.1,1.249075,49925,0.07293907089424016
0.7,0.1,0.5,0.1,1.2502022,49925,0.07150089602496702
0.5,0.1,0.8,0.3,1.2512977,49925,0.07805103724895805
0.2,0.1,0.7,0.2,1.2518682,49925,0.08007825237573062
0.2,0.2,0.9,0.1,1.2520101,49925,0.07961858655983164
0.8,0.1,0.5,0.1,1.252261,49925,0.07016252624202285
0.6,0.1,0.8,0.3,1.2528245,49925,0.07700382478847546
0.9,0.1,0.5,0.1,1.2531314,49925,0.06889998490204054
0.7,0.1,0.8,0.3,1.2559671,49925,0.07598755459155519
0.9,0.1,0.8,0.3,1.2562373,49925,0.07408257647311418
0.8,0.1,0.8,0.3,1.2565598,49925,0.07502470589929625
0.3,0.2,0.9,0.1,1.2585098,49925,0.07900403157624614
0.4,0.2,0.9,0.1,1.2613648,49925,0.07819836871271997
0.3,0.1,0.7,0.2,1.2629209,49925,0.07904881391257648
0.9,0.2,0.9,0.1,1.2643195,49925,0.07382816197890013
0.5,0.2,0.9,0.1,1.264452,49925,0.07732534797823015
0.8,0.2,0.9,0.1,1.2670403,49925,0.07465990816456063
0.2,0.1,0.9,0.3,1.2673223,49925,0.080345453499952
0.7,0.2,0.9,0.1,1.2677995,49925,0.07553680869926772
0.6,0.2,0.9,0.1,1.2678632,49925,0.07642511658252282
0.8,0.1,0.7,0.2,1.2711116,49925,0.07339453112391009
0.4,0.1,0.7,0.2,1.2717751,49925,0.0779041338821406
0.7,0.1,0.7,0.2,1.2722088,49925,0.07445634956352817
0.9,0.1,0.7,0.2,1.2724614,49925,0.07237930427531165
0.5,0.1,0.7,0.2,1.2731493,49925,0.07674823724017302
0.6,0.1,0.7,0.2,1.2738485,49925,0.07557148956361434
0.3,0.1,0.9,0.3,1.2767534,49925,0.07969634097952132
0.1,0.1,0.8,0.2,1.2800089,49925,0.07967725789516272
0.1,0.1,0.6,0.1,1.2812779,49925,0.07943458838947041
0.4,0.1,0.9,0.3,1.2840624,49925,0.07888328591298562
0.5,0.1,0.9,0.3,1.2894375,49925,0.07801777197856191
0.9,0.1,0.9,0.3,1.2894695,49925,0.07446569031572445
0.9,0.1,0.6,0.1,1.2907184,49925,0.07016821082044107
0.7,0.1,0.9,0.3,1.2909989,49925,0.07622141162612475
0.8,0.1,0.9,0.3,1.2911745,49925,0.0752975543668546
0.6,0.1,0.9,0.3,1.2913736,49925,0.07710010989533436
0.2,0.1,0.6,0.1,1.2936473,49925,0.07873251132956685
0.8,0.1,0.6,0.1,1.294376,49925,0.07125584076825392
0.7,0.1,0.6,0.1,1.2969679,49925,0.07240589221751169
0.2,0.1,0.8,0.2,1.2973902,49925,0.07949048437445774
0.3,0.1,0.6,0.1,1.299778,49925,0.07753638368241424
0.6,0.1,0.6,0.1,1.3004353,49925,0.07357726248415977
0.5,0.1,0.6,0.1,1.3009527,49925,0.07489597818370979
0.4,0.1,0.6,0.1,1.302654,49925,0.07620248290621989
0.3,0.1,0.8,0.2,1.3048034,49925,0.07869047234213244
0.9,0.1,0.8,0.2,1.3081753,49925,0.07296564548693835
0.8,0.1,0.8,0.2,1.3092874,49925,0.07384450969140634
0.4,0.1,0.8,0.2,1.3096812,49925,0.07778242835152764
0.7,0.1,0.8,0.2,1.3115021,49925,0.07480101864240643
0.5,0.1,0.8,0.2,1.3128204,49925,0.07676524897426419
0.6,0.1,0.8,0.2,1.3134837,49925,0.07576670594362742
0.1,0.1,0.9,0.2,1.3189473,49925,0.07864729956214178
0.9,0.1,0.7,0.1,1.3288798,49925,0.07100264097678452
0.1,0.1,0.7,0.1,1.3290371,49925,0.07823952427298847
0.8,0.1,0.7,0.1,1.3336995,49925,0.0719719906027499
0.2,0.1,0.9,0.2,1.3367248,49925,0.07878033667347077
0.7,0.1,0.7,0.1,1.3374681,49925,0.07298722719885503
0.2,0.1,0.7,0.1,1.3393737,49925,0.0781083718821294
0.6,0.1,0.7,0.1,1.339811,49925,0.07406243985035327
0.9,0.1,0.9,0.2,1.3398771,49925,0.07332931785555041
0.3,0.1,0.9,0.2,1.34098,49925,0.07829846448907903
0.8,0.1,0.9,0.2,1.3411074,49925,0.07415698554094338
0.3,0.1,0.7,0.1,1.3431772,49925,0.07729618479976424
0.5,0.1,0.7,0.1,1.3441314,49925,0.07514033812829611
0.7,0.1,0.9,0.2,1.3447281,49925,0.07498929299298868
0.6,0.1,0.9,0.2,1.3457364,49925,0.07585276492864683
0.4,0.1,0.9,0.2,1.3457931,49925,0.0775719018748883
0.4,0.1,0.7,0.1,1.3465958,49925,0.07624961033204035
0.5,0.1,0.9,0.2,1.3476765,49925,0.07673256423150661
0.9,0.1,0.8,0.1,1.3628508,49925,0.07157872647552899
0.8,0.1,0.8,0.1,1.3675537,49925,0.07246656953587258
0.1,0.1,0.8,0.1,1.3691498,49925,0.07706838579306854
0.7,0.1,0.8,0.1,1.3715814,49925,0.07336177866643949
0.6,0.1,0.8,0.1,1.3766913,49925,0.07430826690261047
0.4,0.1,0.8,0.1,1.3810064,49925,0.07613076898340494
0.3,0.1,0.8,0.1,1.3810912,49925,0.07692191691958992
0.2,0.1,0.8,0.1,1.3811457,49925,0.07741639116372029
0.5,0.1,0.8,0.1,1.3812232,49925,0.07520535943259853
0.9,0.1,0.9,0.1,1.3915625,49925,0.07203997034488353
0.8,0.1,0.9,0.1,1.396359,49925,0.07282216898837132
0.7,0.1,0.9,0.1,1.4023368,49925,0.07361425517118395
0.1,0.1,0.9,0.1,1.4032823,49925,0.07593057307131817
0.6,0.1,0.9,0.1,1.4075743,49925,0.07440110780508889
0.5,0.1,0.9,0.1,1.4093038,49925,0.07518398158867368
0.3,0.1,0.9,0.1,1.4137797,49925,0.07648183068346755
0.2,0.1,0.9,0.1,1.4138433,49925,0.0766593057231925
0.4,0.1,0.9,0.1,1.4141947,49925,0.07592824731090114
